 #   t              x           dx/dt
 0.0000          1.000000          0.000000
 0.0500          1.000000         -0.098000
 0.1000          0.995100         -0.196000
 0.1500          0.985300         -0.293520
 0.2000          0.970624         -0.390079
 0.2500          0.951120         -0.485200
 0.3000          0.926860         -0.578410
 0.3500          0.897940         -0.669242
 0.4000          0.864477         -0.757240
 0.4500          0.826615         -0.841959
 0.5000          0.784517         -0.922968
 0.5500          0.738369         -0.999850
 0.6000          0.688377         -1.072210
 0.6500          0.634766         -1.139671
 0.7000          0.577782         -1.201878
 0.7500          0.517689         -1.258501
 0.8000          0.454763         -1.309234
 0.8500          0.389302         -1.353801
 0.9000          0.321612         -1.391953
 0.9500          0.252014         -1.423471
 1.0000          0.180840         -1.448168
 1.0500          0.108432         -1.465891
 1.1000          0.035137         -1.476517
 1.1500         -0.038688         -1.479961
 1.2000         -0.112686         -1.476169
 1.2500         -0.186495         -1.465126
 1.3000         -0.259751         -1.446849
 1.3500         -0.332094         -1.421394
 1.4000         -0.403163         -1.388849
 1.4500         -0.472606         -1.349339
 1.5000         -0.540073         -1.303023
 1.5500         -0.605224         -1.250096
 1.6000         -0.667729         -1.190784
 1.6500         -0.727268         -1.125347
 1.7000         -0.783535         -1.054075
 1.7500         -0.836239         -0.977288
 1.8000         -0.885103         -0.895337
 1.8500         -0.929870         -0.808597
 1.9000         -0.970300         -0.717469
 1.9500         -1.006173         -0.622380
 2.0000         -1.037292         -0.523775
 2.0500         -1.063481         -0.422120
 2.1000         -1.084587         -0.317899
 2.1500         -1.100482         -0.211610
 2.2000         -1.111063         -0.103762
 2.2500         -1.116251          0.005122
 2.3000         -1.115995          0.114514
 2.3500         -1.110269          0.223882
 2.4000         -1.099075          0.332688
 2.4500         -1.082440          0.440397
 2.5000         -1.060420          0.546477
 2.5500         -1.033097          0.650398
 2.6000         -1.000577          0.751641
 2.6500         -0.962995          0.849698
 2.7000         -0.920510          0.944071
 2.7500         -0.873306          1.034281
 2.8000         -0.821592          1.119865
 2.8500         -0.765599          1.200381
 2.9000         -0.705580          1.275410
 2.9500         -0.641809          1.344557
 3.0000         -0.574581          1.407454
 3.0500         -0.504209          1.463763
 3.1000         -0.431021          1.513175
 3.1500         -0.355362          1.555415
 3.2000         -0.277591          1.590241
 3.2500         -0.198079          1.617445
 3.3000         -0.117207          1.636856
 3.3500         -0.035364          1.648343
 3.4000          0.047053          1.651808
 3.4500          0.129644          1.647197
 3.5000          0.212003          1.634492
 3.5500          0.293728          1.613716
 3.6000          0.374414          1.584930
 3.6500          0.453660          1.548238
 3.7000          0.531072          1.503779
 3.7500          0.606261          1.451734
 3.8000          0.678848          1.392320
 3.8500          0.748464          1.325793
 3.9000          0.814754          1.252444
 3.9500          0.877376          1.172598
 4.0000          0.936006          1.086615
 4.0500          0.990336          0.994887
 4.1000          1.040081          0.897834
 4.1500          1.084973          0.795906
 4.2000          1.124768          0.689578
 4.2500          1.159247          0.579351
 4.3000          1.188214          0.465745
 4.3500          1.211501          0.349300
 4.4000          1.228966          0.230573
 4.4500          1.240495          0.110134
 4.5000          1.246002         -0.011434
 4.5500          1.245430         -0.133543
 4.6000          1.238753         -0.255595
 4.6500          1.225973         -0.376993
 4.7000          1.207124         -0.497138
 4.7500          1.182267         -0.615436
 4.8000          1.151495         -0.731298
 4.8500          1.114930         -0.844145
 4.9000          1.072723         -0.953408
 4.9500          1.025052         -1.058535
 5.0000          0.972126         -1.158990
 5.0500          0.914176         -1.254258
 5.1000          0.851463         -1.343847
 5.1500          0.784271         -1.427291
 5.2000          0.712906         -1.504149
 5.2500          0.637699         -1.574014
 5.3000          0.558998         -1.636509
 5.3500          0.477173         -1.691290
 5.4000          0.392608         -1.738053
 5.4500          0.305705         -1.776529
 5.5000          0.216879         -1.806488
 5.5500          0.126555         -1.827742
 5.6000          0.035168         -1.840145
 5.6500         -0.056840         -1.843591
 5.7000         -0.149019         -1.838021
 5.7500         -0.240920         -1.823417
 5.8000         -0.332091         -1.799807
 5.8500         -0.422081         -1.767262
 5.9000         -0.510445         -1.725898
 5.9500         -0.596739         -1.675874
 6.0000         -0.680533         -1.617394
 6.0500         -0.761403         -1.550701
 6.1000         -0.838938         -1.476084
 6.1500         -0.912742         -1.393868
 6.2000         -0.982435         -1.304419
 6.2500         -1.047656         -1.208141
 6.3000         -1.108063         -1.105470
 6.3500         -1.163337         -0.996880
 6.4000         -1.213181         -0.882873
 6.4500         -1.257325         -0.763981
 6.5000         -1.295524         -0.640764
 6.5500         -1.327562         -0.513802
 6.6000         -1.353252         -0.383701
 6.6500         -1.372437         -0.251082
 6.7000         -1.384991         -0.116584
 6.7500         -1.390821          0.019146
 6.8000         -1.389863          0.155446
 6.8500         -1.382091          0.291653
 6.9000         -1.367508          0.427097
 6.9500         -1.346153          0.561113
 7.0000         -1.318098          0.693036
 7.0500         -1.283446          0.822210
 7.1000         -1.242335          0.947988
 7.1500         -1.194936          1.069736
 7.2000         -1.141449          1.186840
 7.2500         -1.082107          1.298702
 7.3000         -1.017172          1.404748
 7.3500         -0.946935          1.504431
 7.4000         -0.871713          1.597231
 7.4500         -0.791852          1.682659
 7.5000         -0.707719          1.760260
 7.5500         -0.619706          1.829617
 7.6000         -0.528225          1.890348
 7.6500         -0.433707          1.942114
 7.7000         -0.336602          1.984617
 7.7500         -0.237371          2.017604
 7.8000         -0.136491          2.040866
 7.8500         -0.034447          2.054242
 7.9000          0.068265          2.057618
 7.9500          0.171146          2.050928
 8.0000          0.273692          2.034156
 8.0500          0.375400          2.007334
 8.1000          0.475767          1.970545
 8.1500          0.574294          1.923920
 8.2000          0.670490          1.867639
 8.2500          0.763872          1.801931
 8.3000          0.853968          1.727071
 8.3500          0.940322          1.643383
 8.4000          1.022491          1.551231
 8.4500          1.100053          1.451027
 8.5000          1.172604          1.343222
 8.5500          1.239765          1.228307
 8.6000          1.301180          1.106810
 8.6500          1.356521          0.979294
 8.7000          1.405486          0.846355
 8.7500          1.447803          0.708617
 8.8000          1.483234          0.566733
 8.8500          1.511571          0.421376
 8.9000          1.532640          0.273242
 8.9500          1.546302          0.123043
 9.0000          1.552454         -0.028495
 9.0500          1.551029         -0.180635
 9.1000          1.541998         -0.332636
 9.1500          1.525366         -0.483752
 9.2000          1.501178         -0.633238
 9.2500          1.469516         -0.780353
 9.3000          1.430499         -0.924366
 9.3500          1.384280         -1.064554
 9.4000          1.331053         -1.200214
 9.4500          1.271042         -1.330657
 9.5000          1.204509         -1.455219
 9.5500          1.131748         -1.573261
 9.6000          1.053085         -1.684172
 9.6500          0.968876         -1.787375
 9.7000          0.879508         -1.882325
 9.7500          0.785392         -1.968516
 9.8000          0.686966         -2.045485
 9.8500          0.584691         -2.112808
 9.9000          0.479051         -2.170107
 9.9500          0.370546         -2.217054
10.0000          0.259693         -2.253368
10.0500          0.147025         -2.278818
10.1000          0.033084         -2.293226
10.1500         -0.081578         -2.296468
10.2000         -0.196401         -2.288474
10.2500         -0.310825         -2.269227
10.3000         -0.424286         -2.238766
10.3500         -0.536224         -2.197186
10.4000         -0.646084         -2.144636
10.4500         -0.753315         -2.081320
10.5000         -0.857381         -2.007495
10.5500         -0.957756         -1.923471
10.6000         -1.053930         -1.829611
10.6500         -1.145410         -1.726326
10.7000         -1.231727         -1.614076
10.7500         -1.312430         -1.493367
10.8000         -1.387099         -1.364749
10.8500         -1.455336         -1.228813
10.9000         -1.516777         -1.086190
10.9500         -1.571086         -0.937546
11.0000         -1.617964         -0.783579
11.0500         -1.657143         -0.625019
11.1000         -1.688393         -0.462619
11.1500         -1.711524         -0.297156
11.2000         -1.726382         -0.129427
11.2500         -1.732854          0.039758
11.3000         -1.730866          0.209578
11.3500         -1.720387          0.379203
11.4000         -1.701427          0.547801
11.4500         -1.674037          0.714541
11.5000         -1.638310          0.878596
11.5500         -1.594380          1.039150
11.6000         -1.542422          1.195400
11.6500         -1.482652          1.346557
11.7000         -1.415324          1.491857
11.7500         -1.340732          1.630559
11.8000         -1.259204          1.761950
11.8500         -1.171106          1.885352
11.9000         -1.076838          2.000121
11.9500         -0.976832          2.105651
12.0000         -0.871550          2.201381
12.0500         -0.761481          2.286793
12.1000         -0.647141          2.361418
12.1500         -0.529070          2.424837
12.2000         -0.407828          2.476686
12.2500         -0.283994          2.516654
12.3000         -0.158161          2.544485
12.3500         -0.030937          2.559985
12.4000          0.097062          2.563016
12.4500          0.225213          2.553504
12.5000          0.352888          2.531433
12.5500          0.479460          2.496850
12.6000          0.604302          2.449863
12.6500          0.726795          2.390642
12.7000          0.846327          2.319416
12.7500          0.962298          2.236476
12.8000          1.074122          2.142170
12.8500          1.181231          2.036906
12.9000          1.283076          1.921146
12.9500          1.379133          1.795404
13.0000          1.468903          1.660249
13.0500          1.551916          1.516297
13.1000          1.627731          1.364209
13.1500          1.695941          1.204692
13.2000          1.756176          1.038489
13.2500          1.808100          0.866384
13.3000          1.851419          0.689190
13.3500          1.885879          0.507751
13.4000          1.911266          0.322935
13.4500          1.927413          0.135631
13.5000          1.934195         -0.053255
13.5500          1.931532         -0.242807
13.6000          1.919392         -0.432097
13.6500          1.897787         -0.620197
13.7000          1.866777         -0.806180
13.7500          1.826468         -0.989124
13.8000          1.777012         -1.168118
13.8500          1.718606         -1.342265
13.9000          1.651493         -1.510689
13.9500          1.575958         -1.672535
14.0000          1.492331         -1.826979
14.0500          1.400982         -1.973227
14.1000          1.302321         -2.110523
14.1500          1.196795         -2.238151
14.2000          1.084888         -2.355437
14.2500          0.967116         -2.461756
14.3000          0.844028         -2.556533
14.3500          0.716201         -2.639248
14.4000          0.584239         -2.709436
14.4500          0.448767         -2.766691
14.5000          0.310432         -2.810670
14.5500          0.169899         -2.841093
14.6000          0.027844         -2.857743
14.6500         -0.115043         -2.860472
14.7000         -0.258066         -2.849198
14.7500         -0.400526         -2.823907
14.8000         -0.541722         -2.784656
14.8500         -0.680954         -2.731567
14.9000         -0.817533         -2.664833
14.9500         -0.950774         -2.584715
15.0000         -1.080010         -2.491539
15.0500         -1.204587         -2.385698
15.1000         -1.323872         -2.267649
15.1500         -1.437254         -2.137909
15.2000         -1.544150         -1.997058
15.2500         -1.644003         -1.845732
15.3000         -1.736289         -1.684619
15.3500         -1.820520         -1.514463
15.4000         -1.896244         -1.336052
15.4500         -1.963046         -1.150220
15.5000         -2.020557         -0.957842
15.5500         -2.068449         -0.759827
15.6000         -2.106441         -0.557119
15.6500         -2.134296         -0.350688
15.7000         -2.151831         -0.141527
15.7500         -2.158907          0.069353
15.8000         -2.155440          0.280926
15.8500         -2.141393          0.492159
15.9000         -2.116786          0.702015
15.9500         -2.081685          0.909460
16.0000         -2.036212          1.113465
16.0500         -1.980538          1.313014
16.1000         -1.914888          1.507107
16.1500         -1.839532          1.694766
16.2000         -1.754794          1.875040
16.2500         -1.661042          2.047010
16.3000         -1.558692          2.209792
16.3500         -1.448202          2.362544
16.4000         -1.330075          2.504467
16.4500         -1.204852          2.634815
16.5000         -1.073111          2.752890
16.5500         -0.935466          2.858055
16.6000         -0.792564          2.949731
16.6500         -0.645077          3.027402
16.7000         -0.493707          3.090620
16.7500         -0.339176          3.139003
16.8000         -0.182226          3.172242
16.8500         -0.023614          3.190100
16.9000          0.135891          3.192414
16.9500          0.295512          3.179097
17.0000          0.454467          3.150136
17.0500          0.611974          3.105599
17.1000          0.767254          3.045625
17.1500          0.919535          2.970434
17.2000          1.068057          2.880320
17.2500          1.212073          2.775651
17.3000          1.350855          2.656867
17.3500          1.483699          2.524483
17.4000          1.609923          2.379081
17.4500          1.728877          2.221309
17.5000          1.839942          2.051879
17.5500          1.942536          1.871564
17.6000          2.036114          1.681196
17.6500          2.120174          1.481657
17.7000          2.194257          1.273880
17.7500          2.257951          1.058843
17.8000          2.310893          0.837563
17.8500          2.352771          0.611096
17.9000          2.383326          0.380524
17.9500          2.402352          0.146958
18.0000          2.409700         -0.088472
18.0500          2.405276         -0.324623
18.1000          2.389045         -0.560340
18.1500          2.361028         -0.794466
18.2000          2.321305         -1.025847
18.2500          2.270012         -1.253335
18.3000          2.207346         -1.475796
18.3500          2.133556         -1.692116
18.4000          2.048950         -1.901204
18.4500          1.953890         -2.102001
18.5000          1.848790         -2.293483
18.5500          1.734116         -2.474664
18.6000          1.610383         -2.644607
18.6500          1.478152         -2.802425
18.7000          1.338031         -2.947284
18.7500          1.190667         -3.078411
18.8000          1.036746         -3.195096
18.8500          0.876992         -3.296697
18.9000          0.712157         -3.382643
18.9500          0.543025         -3.452434
19.0000          0.370403         -3.505650
19.0500          0.195120         -3.541950
19.1000          0.018023         -3.561072
19.1500         -0.160031         -3.562838
19.2000         -0.338173         -3.547155
19.2500         -0.515530         -3.514014
19.3000         -0.691231         -3.463492
19.3500         -0.864406         -3.395751
19.4000         -1.034193         -3.311039
19.4500         -1.199745         -3.209688
19.5000         -1.360230         -3.092113
19.5500         -1.514835         -2.958811
19.6000         -1.662776         -2.810357
19.6500         -1.803294         -2.647405
19.7000         -1.935664         -2.470682
19.7500         -2.059198         -2.280987
19.8000         -2.173248         -2.079186
19.8500         -2.277207         -1.866208
19.9000         -2.370517         -1.643041
19.9500         -2.452669         -1.410731
20.0000         -2.523206         -1.170369
20.0500         -2.581724         -0.923095
20.1000         -2.627879         -0.670086
20.1500         -2.661383         -0.412554
20.2000         -2.682011         -0.151738
20.2500         -2.689598          0.111099
20.3000         -2.684043          0.374679
20.3500         -2.665309          0.637716
20.4000         -2.633423          0.898916
20.4500         -2.588478          1.156991
20.5000         -2.530628          1.410662
20.5500         -2.460095          1.658664
20.6000         -2.377162          1.899753
20.6500         -2.282174          2.132715
20.7000         -2.175538          2.356368
20.7500         -2.057720          2.569571
20.8000         -1.929241          2.771227
20.8500         -1.790680          2.960293
20.9000         -1.642665          3.135779
20.9500         -1.485876          3.296761
21.0000         -1.321038          3.442376
21.0500         -1.148920          3.571838
21.1000         -0.970328          3.684432
21.1500         -0.786106          3.779524
21.2000         -0.597130          3.856563
21.2500         -0.404302          3.915081
21.3000         -0.208548          3.954703
21.3500         -0.010812          3.975141
21.4000          0.187945          3.976200
21.4500          0.386755          3.957782
21.5000          0.584644          3.919880
21.5500          0.780638          3.862585
21.6000          0.973767          3.786082
21.6500          1.163071          3.690653
21.7000          1.347604          3.576672
21.7500          1.526437          3.444607
21.8000          1.698668          3.295016
21.8500          1.863418          3.128547
21.9000          2.019846          2.945932
21.9500          2.167142          2.747987
22.0000          2.304542          2.535607
22.0499          2.431322          2.309762
22.0999          2.546810          2.071492
22.1499          2.650385          1.821905
22.1999          2.741480          1.562167
22.2499          2.819588          1.293502
22.2999          2.884263          1.017182
22.3499          2.935122          0.734525
22.3999          2.971849          0.446883
22.4499          2.994193          0.155641
22.4999          3.001975         -0.137790
22.5499          2.995085         -0.431983
22.5999          2.973486         -0.725501
22.6499          2.937211         -1.016903
22.6999          2.886366         -1.304750
22.7499          2.821128         -1.587614
22.7999          2.741748         -1.864084
22.8499          2.648543         -2.132775
22.8999          2.541905         -2.392333
22.9499          2.422288         -2.641439
22.9999          2.290216         -2.878823
23.0499          2.146275         -3.103264
23.0999          1.991112         -3.313599
23.1499          1.825432         -3.508728
23.1999          1.649995         -3.687621
23.2499          1.465614         -3.849320
23.2999          1.273148         -3.992950
23.3499          1.073501         -4.117719
23.3999          0.867615         -4.222922
23.4499          0.656469         -4.307949
23.4999          0.441071         -4.372283
23.5499          0.222457         -4.415507
23.5999          0.001682         -4.437308
23.6499         -0.220184         -4.437473
23.6999         -0.442057         -4.415895
23.7499         -0.662852         -4.372574
23.7999         -0.881481         -4.307614
23.8499         -1.096861         -4.221229
23.8999         -1.307923         -4.113737
23.9499         -1.513610         -3.985560
23.9999         -1.712888         -3.837226
24.0499         -1.904749         -3.669363
24.0999         -2.088217         -3.482698
24.1499         -2.262352         -3.278053
24.1999         -2.426255         -3.056342
24.2499         -2.579072         -2.818569
24.2999         -2.720000         -2.565820
24.3499         -2.848291         -2.299260
24.3999         -2.963254         -2.020128
24.4499         -3.064261         -1.729729
24.4999         -3.150747         -1.429431
24.5499         -3.222219         -1.120658
24.5999         -3.278252         -0.804880
24.6499         -3.318496         -0.483612
24.6999         -3.342676         -0.158399
24.7499         -3.350596          0.169183
24.7999         -3.342137          0.497541
24.8499         -3.317260          0.825071
24.8999         -3.276007          1.150162
24.9499         -3.218498          1.471211
24.9999         -3.144938          1.786624
25.0499         -3.055607          2.094828
25.0999         -2.950866          2.394277
25.1499         -2.831152          2.683462
25.1999         -2.696979          2.960915
25.2499         -2.548933          3.225219
25.2999         -2.387672          3.475014
25.3499         -2.213921          3.709006
25.3999         -2.028471          3.925970
25.4499         -1.832173          4.124761
25.4999         -1.625934          4.304314
25.5499         -1.410719          4.463655
25.5999         -1.187536          4.601906
25.6499         -0.957441          4.718284
25.6999         -0.721527          4.812113
25.7499         -0.480921          4.882823
25.7999         -0.236780          4.929953
25.8499          0.009718          4.953157
25.8999          0.257376          4.952205
25.9499          0.504986          4.926982
25.9999          0.751335          4.877494
26.0499          0.995210          4.803863
26.0999          1.235403          4.706333
26.1499          1.470720          4.585263
26.1999          1.699983          4.441133
26.2499          1.922040          4.274534
26.2999          2.135766          4.086174
26.3499          2.340075          3.876869
26.3999          2.533918          3.647542
26.4499          2.716295          3.399218
26.4999          2.886256          3.133021
26.5499          3.042907          2.850168
26.5999          3.185416          2.551963
26.6499          3.313014          2.239792
26.6999          3.425004          1.915117
26.7499          3.520759          1.579467
26.7999          3.599733          1.234432
26.8499          3.661454          0.881658
26.8999          3.705537          0.522836
26.9499          3.731679          0.159693
26.9999          3.739664         -0.206011
27.0499          3.729363         -0.572498
27.0999          3.700738         -0.937976
27.1499          3.653839         -1.300648
27.1999          3.588807         -1.658724
27.2499          3.505870         -2.010427
27.2999          3.405349         -2.354002
27.3499          3.287649         -2.687727
27.3999          3.153263         -3.009916
27.4499          3.002767         -3.318936
27.4999          2.836820         -3.613207
27.5499          2.656160         -3.891216
27.5999          2.461599         -4.151519
27.6499          2.254023         -4.392756
27.6999          2.034385         -4.613650
27.7499          1.803703         -4.813020
27.7999          1.563052         -4.989783
27.8499          1.313563         -5.142962
27.8999          1.056414         -5.271692
27.9499          0.792830         -5.375220
27.9999          0.524069         -5.452918
28.0499          0.251423         -5.504276
28.0999         -0.023791         -5.528916
28.1499         -0.300237         -5.526584
28.1999         -0.576566         -5.497161
28.2499         -0.851424         -5.440658
28.2999         -1.123457         -5.357218
28.3499         -1.391318         -5.247119
28.3999         -1.653674         -5.110770
28.4499         -1.909212         -4.948710
28.4999         -2.156648         -4.761607
28.5499         -2.394728         -4.550256
28.5998         -2.622241         -4.315572
28.6498         -2.838020         -4.058593
28.6998         -3.040949         -3.780467
28.7498         -3.229973         -3.482454
28.7998         -3.404095         -3.165916
28.8498         -3.562391         -2.832315
28.8998         -3.704007         -2.483201
28.9498         -3.828167         -2.120208
28.9998         -3.934177         -1.745048
29.0498         -4.021430         -1.359499
29.0998         -4.089405         -0.965398
29.1498         -4.137675         -0.564637
29.1998         -4.165906         -0.159145
29.2498         -4.173864          0.249114
29.2998         -4.161408          0.658153
29.3498         -4.128500          1.065971
29.3998         -4.075202          1.470564
29.4498         -4.001674          1.869934
29.4998         -3.908177          2.262098
29.5498         -3.795072          2.645099
29.5998         -3.662817          3.017016
29.6498         -3.511966          3.375972
29.6998         -3.343168          3.720145
29.7498         -3.157160          4.047775
29.7998         -2.954772          4.357177
29.8498         -2.736913          4.646744
29.8998         -2.504575          4.914962
29.9498         -2.258827          5.160410
29.9998         -2.000807          5.381775
30.0498         -1.731718          5.577855
30.0998         -1.452825          5.747563
30.1498         -1.165447          5.889940
30.1998         -0.870950          6.004154
30.2498         -0.570742          6.089507
30.2998         -0.266267          6.145439
30.3498          0.041005          6.171533
30.3998          0.349582          6.167515
30.4498          0.657957          6.133256
30.4998          0.964620          6.068776
30.5498          1.268059          5.974243
30.5998          1.566771          5.849973
30.6498          1.859270          5.696430
30.6998          2.144091          5.514221
30.7498          2.419802          5.304100
30.7998          2.685007          5.066959
30.8498          2.938355          4.803829
30.8998          3.178546          4.515870
30.9498          3.404340          4.204372
30.9998          3.614559          3.870747
31.0498          3.808096          3.516520
31.0998          3.983922          3.143327
31.1498          4.141088          2.752903
31.1998          4.278734          2.347076
31.2498          4.396088          1.927760
31.2998          4.492476          1.496943
31.3498          4.567323          1.056681
31.3998          4.620157          0.609083
31.4498          4.650611          0.156308
31.4998          4.658426         -0.299452
31.5498          4.643454         -0.755978
31.5998          4.605655         -1.211036
31.6498          4.545103         -1.662390
31.6998          4.461984         -2.107810
31.7498          4.356593         -2.545085
31.7998          4.229339         -2.972031
31.8498          4.080738         -3.386506
31.8998          3.911412         -3.786418
31.9498          3.722091         -4.169737
31.9998          3.513604         -4.534502
32.0498          3.286879         -4.878835
32.0998          3.042938         -5.200949
32.1498          2.782890         -5.499157
32.1998          2.507932         -5.771880
32.2498          2.219338         -6.017657
32.2998          1.918455         -6.235152
32.3498          1.606698         -6.423161
32.3998          1.285540         -6.580617
32.4498          0.956509         -6.706600
32.4998          0.621179         -6.800338
32.5498          0.281162         -6.861214
32.5998         -0.061899         -6.888768
32.6498         -0.406337         -6.882702
32.6998         -0.750472         -6.842881
32.7498         -1.092616         -6.769334
32.7998         -1.431083         -6.662258
32.8498         -1.764196         -6.522012
32.8998         -2.090297         -6.349121
32.9498         -2.407753         -6.144272
32.9998         -2.714966         -5.908312
33.0498         -3.010382         -5.642245
33.0998         -3.292494         -5.347228
33.1498         -3.559856         -5.024564
33.1998         -3.811084         -4.675698
33.2498         -4.044868         -4.302212
33.2998         -4.259979         -3.905815
33.3498         -4.455270         -3.488337
33.3998         -4.629687         -3.051720
33.4498         -4.782273         -2.598011
33.4998         -4.912173         -2.129348
33.5498         -5.018641         -1.647955
33.5998         -5.101038         -1.156129
33.6498         -5.158845         -0.656227
33.6998         -5.191656         -0.150660
33.7498         -5.199189          0.358122
33.7998         -5.181283          0.867643
33.8498         -5.137901          1.375409
33.8998         -5.069130          1.878923
33.9498         -4.975184          2.375698
33.9998         -4.856400          2.863266
34.0498         -4.713236          3.339193
34.0998         -4.546277          3.801090
34.1498         -4.356222          4.246625
34.1998         -4.143891          4.673535
34.2498         -3.910214          5.079636
34.2998         -3.656232          5.462837
34.3498         -3.383090          5.821148
34.3998         -3.092033          6.152691
34.4498         -2.784399          6.455710
34.4998         -2.461613          6.728581
34.5498         -2.125184          6.969819
34.5998         -1.776693          7.178087
34.6498         -1.417789          7.352203
34.6998         -1.050179          7.491147
34.7498         -0.675621          7.594064
34.7998         -0.295918          7.660275
34.8498          0.087096          7.689275
34.8998          0.471560          7.680739
34.9498          0.855597          7.634527
34.9998          1.237323          7.550678
35.0498          1.614857          7.429420
35.0998          1.986328          7.271164
35.1497          2.349886          7.076504
35.1997          2.703712          6.846215
35.2497          3.046022          6.581252
35.2997          3.375085          6.282742
35.3497          3.689222          5.951983
35.3997          3.986821          5.590440
35.4497          4.266343          5.199731
35.4997          4.526330          4.781630
35.5497          4.765411          4.338049
35.5997          4.982313          3.871039
35.6497          5.175865          3.382772
35.6997          5.345004          2.875538
35.7497          5.488780          2.351727
35.7997          5.606367          1.813827
35.8497          5.697058          1.264403
35.8997          5.760278          0.706091
35.9497          5.795583          0.141584
35.9997          5.802662         -0.426383
36.0497          5.781343         -0.995044
36.0997          5.731590         -1.561616
36.1497          5.653510         -2.123312
36.1997          5.547344         -2.677356
36.2497          5.413476         -3.220995
36.2997          5.252427         -3.751516
36.3497          5.064851         -4.266253
36.3997          4.851538         -4.762609
36.4497          4.613408         -5.238060
36.4997          4.351505         -5.690174
36.5497          4.066996         -6.116621
36.5997          3.761165         -6.515187
36.6497          3.435406         -6.883781
36.6997          3.091217         -7.220451
36.7497          2.730194         -7.523390
36.7997          2.354025         -7.790949
36.8497          1.964477         -8.021644
36.8997          1.563395         -8.214163
36.9497          1.152687         -8.367375
36.9997          0.734318         -8.480339
37.0497          0.310301         -8.552302
37.0997         -0.117314         -8.582712
37.1497         -0.546450         -8.571216
37.1997         -0.975010         -8.517664
37.2497         -1.400894         -8.422112
37.2997         -1.821999         -8.284825
37.3497         -2.236241         -8.106270
37.3997         -2.641554         -7.887118
37.4497         -3.035910         -7.628246
37.4997         -3.417322         -7.330727
37.5497         -3.783859         -6.995829
37.5997         -4.133650         -6.625011
37.6497         -4.464901         -6.219913
37.6997         -4.775897         -5.782353
37.7497         -5.065014         -5.314316
37.7997         -5.330730         -4.817945
37.8497         -5.571627         -4.295533
37.8997         -5.786404         -3.749514
37.9497         -5.973879         -3.182446
37.9997         -6.133002         -2.597006
38.0497         -6.262852         -1.995972
38.0997         -6.362651         -1.382212
38.1497         -6.431761         -0.758672
38.1997         -6.469695         -0.128360
38.2497         -6.476113          0.505670
38.2997         -6.450830          1.140329
38.3497         -6.393813          1.772511
38.3997         -6.305188          2.399104
38.4497         -6.185233          3.017013
38.4997         -6.034382          3.623166
38.5497         -5.853224          4.214535
38.5997         -5.642497          4.788151
38.6497         -5.403090          5.341115
38.6997         -5.136034          5.870618
38.7497         -4.842503          6.373950
38.7997         -4.523805          6.848515
38.8497         -4.181379          7.291847
38.8997         -3.816787          7.701622
38.9497         -3.431706          8.075667
38.9997         -3.027923          8.411975
39.0497         -2.607324          8.708712
39.0997         -2.171888          8.964230
39.1497         -1.723677          9.177074
39.1997         -1.264823          9.345995
39.2497         -0.797523          9.469948
39.2997         -0.324026          9.548105
39.3497          0.153379          9.579860
39.3997          0.632372          9.564829
39.4497          1.110614          9.502856
39.4997          1.585757          9.394016
39.5497          2.055457          9.238612
39.5997          2.517388          9.037177
39.6497          2.969247          8.790473
39.6997          3.408770          8.499487
39.7497          3.833745          8.165427
39.7997          4.242016          7.789720
39.8497          4.631502          7.374002
39.8997          5.000202          6.920115
39.9497          5.346208          6.430096
39.9997          5.667713          5.906168
40.0497          5.963021          5.350732
40.0997          6.230558          4.766356
40.1497          6.468876          4.155761
40.1997          6.676664          3.521811
40.2497          6.852755          2.867498
40.2997          6.996130          2.195929
40.3497          7.105926          1.510308
40.3997          7.181441          0.813927
40.4497          7.222137          0.110146
40.4997          7.227645         -0.597624
40.5497          7.197764         -1.305933
40.5997          7.132467         -2.011314
40.6497          7.031901         -2.710295
40.6997          6.896387         -3.399422
40.7497          6.726416         -4.075268
40.7997          6.522652         -4.734457
40.8497          6.285929         -5.373676
40.8997          6.017245         -5.989697
40.9497          5.717761         -6.579388
40.9997          5.388791         -7.139728
41.0497          5.031805         -7.667830
41.0997          4.648413         -8.160946
41.1497          4.240366         -8.616490
41.1997          3.809541         -9.032046
41.2497          3.357939         -9.405381
41.2997          2.887670         -9.734459
41.3497          2.400947        -10.017450
41.3997          1.900075        -10.252743
41.4497          1.387438        -10.438951
41.4997          0.865490        -10.574920
41.5497          0.336744        -10.659738
41.5997         -0.196243        -10.692739
41.6497         -0.730880        -10.673507
41.6996         -1.264555        -10.601880
41.7496         -1.794649        -10.477954
41.7996         -2.318547        -10.302078
41.8496         -2.833651        -10.074861
41.8996         -3.337394         -9.797163
41.9496         -3.827252         -9.470098
41.9996         -4.300757         -9.095028
42.0496         -4.755509         -8.673553
42.0996         -5.189187         -8.207514
42.1496         -5.599562         -7.698974
42.1996         -5.984511         -7.150217
42.2496         -6.342022         -6.563735
42.2996         -6.670208         -5.942216
42.3496         -6.967319         -5.288536
42.3996         -7.231746         -4.605739
42.4496         -7.462033         -3.897027
42.4996         -7.656885         -3.165748
42.5496         -7.815172         -2.415373
42.5996         -7.935941         -1.649487
42.6496         -8.018415         -0.871764
42.6996         -8.062004         -0.085960
42.7496         -8.066302          0.704117
42.7996         -8.031096          1.494614
42.8496         -7.956366          2.281662
42.8996         -7.842282          3.061386
42.9496         -7.689213          3.829929
42.9996         -7.497716          4.583472
43.0496         -7.268543          5.318248
43.0996         -7.002630          6.030565
43.1496         -6.701102          6.716823
43.1996         -6.365261          7.373531
43.2496         -5.996584          7.997326
43.2996         -5.596718          8.584991
43.3496         -5.167468          9.133470
43.3996         -4.710794          9.639881
43.4496         -4.228800         10.101539
43.4996         -3.723723         10.515961
43.5496         -3.197925         10.880885
43.5996         -2.653881         11.194282
43.6496         -2.094167         11.454362
43.6996         -1.521449         11.659591
43.7496         -0.938469         11.808693
43.7996         -0.348035         11.900663
43.8496          0.246999         11.934771
43.8996          0.843737         11.910564
43.9496          1.439265         11.827878
43.9996          2.030659         11.686830
44.0496          2.615001         11.487825
44.0996          3.189392         11.231555
44.1496          3.750970         10.918995
44.1996          4.296920         10.551400
44.2496          4.824490         10.130302
44.2996          5.331005          9.657502
44.3496          5.813880          9.135064
44.3996          6.270633          8.565304
44.4496          6.698898          7.950782
44.4996          7.096437          7.294290
44.5496          7.461152          6.598839
44.5996          7.791094          5.867646
44.6496          8.084476          5.104118
44.6996          8.339683          4.311840
44.7496          8.555275          3.494551
44.7996          8.730002          2.656134
44.8496          8.862809          1.800593
44.8996          8.952839          0.932038
44.9496          8.999441          0.054660
44.9996          9.002174         -0.827285
45.0496          8.960810         -1.709498
45.0996          8.875335         -2.587658
45.1496          8.745952         -3.457440
45.1996          8.573080         -4.314544
45.2496          8.357353         -5.154706
45.2996          8.099618         -5.973726
45.3496          7.800931         -6.767489
45.3996          7.462557         -7.531980
45.4496          7.085958         -8.263310
45.4996          6.672792         -8.957734
45.5496          6.224906         -9.611668
45.5996          5.744323        -10.221708
45.6496          5.233237        -10.784652
45.6996          4.694005        -11.297509
45.7496          4.129129        -11.757522
45.7996          3.541253        -12.162176
45.8496          2.933144        -12.509219
45.8996          2.307683        -12.796667
45.9496          1.667850        -13.022820
45.9996          1.016708        -13.186270
46.0496          0.357395        -13.285907
46.0996         -0.306900        -13.320931
46.1496         -0.972947        -13.290855
46.1996         -1.637490        -13.195507
46.2496         -2.297265        -13.035033
46.2996         -2.949017        -12.809901
46.3496         -3.589512        -12.520898
46.3996         -4.215557        -12.169126
46.4496         -4.824013        -11.756001
46.4996         -5.411813        -11.283248
46.5496         -5.975975        -10.752891
46.5996         -6.513619        -10.167245
46.6496         -7.021982         -9.528911
46.6996         -7.498427         -8.840756
46.7496         -7.940465         -8.105910
46.7996         -8.345760         -7.327745
46.8496         -8.712148         -6.509861
46.8996         -9.037641         -5.656070
46.9496         -9.320444         -4.770381
46.9996         -9.558963         -3.856978
47.0496         -9.751812         -2.920200
47.0996         -9.897822         -1.964522
47.1496         -9.996049         -0.994536
47.1996        -10.045775         -0.014923
47.2496        -10.046521          0.969563
47.2996         -9.998043          1.954122
47.3496         -9.900337          2.933930
47.3996         -9.753641          3.904163
47.4496         -9.558433          4.860020
47.4996         -9.315432          5.796747
47.5496         -9.025595          6.709659
47.5996         -8.690112          7.594167
47.6496         -8.310404          8.445798
47.6996         -7.888114          9.260218
47.7496         -7.425103         10.033253
47.7996         -6.923440         10.760913
47.8496         -6.385395         11.439410
47.8996         -5.813425         12.065179
47.9496         -5.210166         12.634894
47.9996         -4.578421         13.145491
48.0496         -3.921146         13.594176
48.0996         -3.241437         13.978449
48.1496         -2.542515         14.296110
48.1996         -1.827709         14.545277
48.2495         -1.100446         14.724392
48.2995         -0.364226         14.832235
48.3495          0.377386         14.867929
48.3995          1.120782         14.830946
48.4495          1.862330         14.721109
48.4995          2.598385         14.538601
48.5495          3.325315         14.283959
48.5995          4.039514         13.958078
48.6495          4.737418         13.562206
48.6995          5.415528         13.097939
48.7495          6.070425         12.567218
48.7995          6.698786         11.972316
48.8495          7.297401         11.315835
48.8995          7.863193         10.600690
48.9495          8.393228          9.830097
48.9995          8.884732          9.007561
49.0495          9.335111          8.136857
49.0995          9.741954          7.222016
49.1495         10.103055          6.267305
49.1995         10.416420          5.277205
49.2495         10.680281          4.256396
49.2995         10.893101          3.209729
49.3495         11.053587          2.142205
49.3995         11.160697          1.058953
49.4495         11.213645         -0.034795
49.4995         11.211905         -1.133732
49.5495         11.155219         -2.232499
49.5995         11.043594         -3.325710
49.6495         10.877309         -4.407983
49.6995         10.656910         -5.473959
49.7495         10.383212         -6.518336
49.7995         10.057295         -7.535891
49.8495          9.680500         -8.521506
49.8995          9.254425         -9.470196
49.9495          8.780915        -10.377130
49.9995          8.262059        -11.237659
50.0495          7.700176        -12.047341
50.0995          7.097809        -12.801959
50.1495          6.457711        -13.497544
50.1995          5.782834        -14.130400
50.2495          5.076314        -14.697118
50.2995          4.341458        -15.194596
50.3495          3.581728        -15.620059
50.3995          2.800725        -15.971068
50.4495          2.002172        -16.245539
50.4995          1.189895        -16.441751
50.5495          0.367807        -16.558361
50.5995         -0.460111        -16.594406
50.6495         -1.289831        -16.549314
50.6995         -2.117297        -16.422911
50.7495         -2.938442        -16.215416
50.7995         -3.749213        -15.927448
50.8495         -4.545586        -15.560025
50.8995         -5.323587        -15.114558
50.9495         -6.079315        -14.592847
50.9995         -6.808957        -13.997074
51.0495         -7.508811        -13.329797
51.0995         -8.175301        -12.593933
51.1495         -8.804997        -11.792753
51.1995         -9.394635        -10.929864
51.2495         -9.941129        -10.009190
51.2995        -10.441588         -9.034959
51.3495        -10.893336         -8.011683
51.3995        -11.293921         -6.944137
51.4495        -11.641128         -5.837332
51.4995        -11.932994         -4.696502
51.5495        -12.167819         -3.527068
51.5995        -12.344172         -2.334622
51.6495        -12.460903         -1.124893
51.6995        -12.517148          0.096275
51.7495        -12.512334          1.322956
51.7995        -12.446186          2.549164
51.8495        -12.318727          3.768890
51.8995        -12.130283          4.976126
51.9495        -11.881477          6.164894
51.9995        -11.573233          7.329278
52.0495        -11.206769          8.463455
52.0995        -10.783596          9.561719
52.1495        -10.305511         10.618511
52.1995         -9.774585         11.628451
52.2495         -9.193162         12.586361
52.2995         -8.563844         13.487290
52.3495         -7.889479         14.326547
52.3995         -7.173152         15.099715
52.4495         -6.418166         15.802684
52.4995         -5.628032         16.431664
52.5495         -4.806448         16.983212
52.5995         -3.957288         17.454243
52.6495         -3.084576         17.842056
52.6995         -2.192473         18.144344
52.7495         -1.285256         18.359207
52.7995         -0.367295         18.485163
52.8495          0.556963         18.521158
52.8995          1.483021         18.466576
52.9495          2.406350         18.321239
52.9995          3.322412         18.085417
53.0495          4.226682         17.759821
53.0995          5.114673         17.345606
53.1495          5.981954         16.844368
53.1995          6.824172         16.258137
53.2495          7.637079         15.589368
53.2995          8.416547         14.840934
53.3495          9.158593         14.016112
53.3995          9.859399         13.118570
53.4495         10.515327         12.152349
53.4995         11.122945         11.121847
53.5495         11.679037         10.031798
53.5995         12.180627          8.887253
53.6495         12.624990          7.693552
53.6995         13.009667          6.456303
53.7495         13.332482          5.181355
53.7995         13.591550          3.874772
53.8495         13.785289          2.542800
53.8995         13.912429          1.191842
53.9495         13.972021         -0.171576
53.9995         13.963442         -1.540834
54.0495         13.886400         -2.909251
54.0995         13.740937         -4.270118
54.1495         13.527431         -5.616730
54.1995         13.246595         -6.942419
54.2495         12.899474         -8.240585
54.2995         12.487445         -9.504734
54.3495         12.012208        -10.728503
54.3995         11.475782        -11.905700
54.4495         10.880497        -13.030327
54.4995         10.228981        -14.096616
54.5495          9.524150        -15.099056
54.5995          8.769197        -16.032423
54.6495          7.967577        -16.891804
54.6995          7.122986        -17.672626
54.7495          6.239355        -18.370680
54.7994          5.320821        -18.982136
54.8494          4.371715        -19.503576
54.8994          3.396536        -19.932005
54.9494          2.399936        -20.264866
54.9994          1.386692        -20.500059
55.0494          0.361689        -20.635956
55.0994         -0.670108        -20.671402
55.1494         -1.703678        -20.605732
55.1994         -2.733965        -20.438772
55.2494         -3.755904        -20.170843
55.2994         -4.764446        -19.802765
55.3494         -5.754584        -19.335850
55.3994         -6.721376        -18.771900
55.4494         -7.659971        -18.113205
55.4994         -8.565632        -17.362528
55.5494         -9.433758        -16.523096
55.5994        -10.259912        -15.598588
55.6494        -11.039842        -14.593117
55.6994        -11.769498        -13.511212
55.7494        -12.445059        -12.357801
55.7994        -13.062949        -11.138186
55.8494        -13.619859         -9.858017
55.8994        -14.112760         -8.523271
55.9494        -14.538923         -7.140220
55.9994        -14.895934         -5.715405
56.0494        -15.181705         -4.255604
56.0994        -15.394485         -2.767797
56.1494        -15.532874         -1.259137
56.1994        -15.595831          0.263084
56.2494        -15.582677          1.791476
56.2994        -15.493103          3.318578
56.3494        -15.327174          4.836902
56.3994        -15.085329          6.338965
56.4494        -14.768381          7.817327
56.4994        -14.377515          9.264628
56.5494        -13.914284         10.673625
56.5994        -13.380603         12.037225
56.6494        -12.778742         13.348524
56.6994        -12.111316         14.600841
56.7494        -11.381273         15.787749
56.7994        -10.591886         16.903114
56.8494         -9.746730         17.941118
56.8994         -8.849674         18.896297
56.9494         -7.904860         19.763565
56.9994         -6.916681         20.538240
57.0494         -5.889769         21.216076
57.0994         -4.828965         21.793274
57.1494         -3.739301         22.266512
57.1994         -2.625976         22.632963
57.2494         -1.494328         22.890308
57.2994         -0.349812         23.036753
57.3494          0.802025         23.071033
57.3994          1.955577         22.992435
57.4494          3.105199         22.800789
57.4994          4.245238         22.496479
57.5494          5.370062         22.080446
57.5994          6.474085         21.554180
57.6494          7.551794         20.919720
57.6994          8.597780         20.179644
57.7494          9.606762         19.337061
57.7994         10.573615         18.395597
57.8494         11.493395         17.359383
57.8994         12.361364         16.233030
57.9494         13.173016         15.021617
57.9994         13.924096         13.730661
58.0494         14.610629         12.366100
58.0994         15.228934         10.934258
58.1494         15.775647          9.441823
58.1994         16.247738          7.895810
58.2494         16.642529          6.303531
58.2994         16.957705          4.672564
58.3494         17.191332          3.010709
58.3994         17.341867          1.325958
58.4494         17.408165         -0.373545
58.4994         17.389488         -2.079545
58.5494         17.285511         -3.783715
58.5994         17.096325         -5.477695
58.6494         16.822441         -7.153135
58.6994         16.464785         -8.801734
58.7494         16.024698        -10.415283
58.7994         15.503934        -11.985703
58.8494         14.904649        -13.505089
58.8994         14.229394        -14.965744
58.9494         13.481107        -16.360224
58.9994         12.663095        -17.681372
59.0494         11.779027        -18.922356
59.0994         10.832910        -20.076700
59.1494          9.829075        -21.138325
59.1994          8.772159        -22.101574
59.2494          7.667080        -22.961245
59.2994          6.519018        -23.712618
59.3494          5.333387        -24.351482
59.3994          4.115813        -24.874155
59.4494          2.872105        -25.277504
59.4994          1.608230        -25.558969
59.5494          0.330281        -25.716576
59.5994         -0.955547        -25.748943
59.6494         -2.242995        -25.655300
59.6994         -3.525760        -25.435486
59.7494         -4.797534        -25.089962
59.7994         -6.052032        -24.619804
59.8494         -7.283022        -24.026705
59.8994         -8.484358        -23.312969
59.9494         -9.650006        -22.481503
59.9994        -10.774081        -21.535803
60.0494        -11.850871        -20.479942
60.0994        -12.874868        -19.318558
60.1494        -13.840796        -18.056820
60.1994        -14.743637        -16.700422
60.2494        -15.578658        -15.255546
60.2994        -16.341434        -13.728837
60.3494        -17.027876        -12.127377
60.3994        -17.634245        -10.458645
60.4494        -18.157177         -8.730489
60.4994        -18.593702         -6.951086
60.5494        -18.941257         -5.128902
60.5994        -19.197702         -3.272659
60.6494        -19.361336         -1.391285
60.6994        -19.430901          0.506126
60.7494        -19.405594          2.410354
60.7994        -19.285076          4.312102
60.8494        -19.069471          6.202040
60.8994        -18.759369          8.070848
60.9494        -18.355827          9.909266
60.9994        -17.860365         11.708137
61.0494        -17.274958         13.458452
61.0994        -16.602036         15.151398
61.1494        -15.844465         16.778397
61.1994        -15.005546         18.331154
61.2494        -14.088988         19.801697
61.2994        -13.098904         21.182417
61.3493        -12.039783         22.466110
61.3993        -10.916477         23.646009
61.4493         -9.734177         24.715824
61.4993         -8.498385         25.669773
61.5493         -7.214897         26.502615
61.5993         -5.889766         27.209675
61.6493         -4.529282         27.786871
61.6993         -3.139938         28.230742
61.7493         -1.728401         28.538456
61.7993         -0.301479         28.707840
61.8493          1.133914         28.737385
61.8993          2.570783         28.626261
61.9493          4.002096         28.374325
61.9993          5.420812         27.982119
62.0493          6.819918         27.450878
62.0993          8.192462         26.782526
62.1493          9.531589         25.979664
62.1993         10.830572         25.045568
62.2493         12.082850         23.984173
62.2993         13.282059         22.800053
62.3493         14.422061         21.498411
62.3993         15.496982         20.085049
62.4493         16.501234         18.566345
62.4993         17.429552         16.949224
62.5493         18.277014         15.241128
62.5993         19.039070         13.449981
62.6493         19.711569         11.584152
62.6993         20.290777          9.652418
62.7493         20.773397          7.663922
62.7993         21.156593          5.628129
62.8493         21.438000          3.554783
62.8993         21.615738          1.453859
62.9493         21.688431         -0.664483
62.9993         21.655207         -2.789949
63.0493         21.515709         -4.912160
63.0993         21.270102         -7.020700
63.1493         20.919067         -9.105169
63.1993         20.463808        -11.155238
63.2493         19.906046        -13.160691
63.2993         19.248011        -15.111484
63.3493         18.492437        -16.997789
63.3993         17.642548        -18.810047
63.4493         16.702045        -20.539017
63.4993         15.675095        -22.175817
63.5493         14.566303        -23.711977
63.5993         13.380705        -25.139475
63.6493         12.123732        -26.450785
63.6993         10.801192        -27.638910
63.7493          9.419247        -28.697428
63.7993          7.984375        -29.620514
63.8493          6.503349        -30.402983
63.8993          4.983200        -31.040312
63.9493          3.431184        -31.528666
63.9993          1.854751        -31.864922
64.0493          0.261505        -32.046688
64.0993         -1.340829        -32.072315
64.1493         -2.944445        -31.940914
64.1993         -4.541491        -31.652359
64.2493         -6.124109        -31.207293
64.2993         -7.684474        -30.607130
64.3493         -9.214830        -29.854052
64.3993        -10.707533        -28.950998
64.4493        -12.155083        -27.901661
64.4993        -13.550166        -26.710463
64.5493        -14.885689        -25.382545
64.5993        -16.154816        -23.923748
64.6493        -17.351004        -22.340576
64.6993        -18.468033        -20.640179
64.7494        -19.500042        -18.830311
64.7994        -20.441557        -16.919308
64.8494        -21.287521        -14.916035
64.8994        -22.033323        -12.829858
64.9494        -22.674816        -10.670592
64.9994        -23.208345         -8.448461
65.0494        -23.630768         -6.174043
65.0994        -23.939470         -3.858227
65.1494        -24.132381         -1.512159
65.1994        -24.207989          0.852814
65.2494        -24.165348          3.225197
65.2994        -24.004087          5.593401
65.3494        -23.724417          7.945802
65.3994        -23.327127         10.270795
65.4494        -22.813587         12.556853
65.4994        -22.185745         14.792585
65.5494        -21.446115         16.966789
65.5994        -20.597776         19.068508
65.6494        -19.644352         21.087090
65.6994        -18.589998         23.012236
65.7494        -17.439386         24.834055
65.7994        -16.197683         26.543114
65.8494        -14.870527         28.130487
65.8994        -13.464003         29.587799
65.9494        -11.984612         30.907270
65.9994        -10.439249         32.081764
66.0494         -8.835161         33.104809
66.0994         -7.179921         33.970654
66.1494         -5.481388         34.674286
66.1994         -3.747674         35.211460
66.2494         -1.987101         35.578732
66.2994         -0.208164         35.773468
66.3494          1.580509         35.793869
66.3995          3.370203         35.638981
66.4495          5.152152         35.308701
66.4995          6.917587         34.803791
66.5495          8.657777         34.125866
66.5995         10.364070         33.277405
66.6495         12.027940         32.261726
66.6995         13.641026         31.082989
66.7495         15.195176         29.746168
66.7995         16.682484         28.257042
66.8495         18.095335         26.622158
66.8995         19.426443         24.848816
66.9495         20.668884         22.945024
66.9995         21.816135         20.919474
67.0495         22.862108         18.781492
67.0995         23.801184         16.541006
67.1495         24.628235         14.208490
67.1995         25.338659         11.794924
67.2495         25.928406          9.311735
67.2995         26.393993          6.770751
67.3495         26.732531          4.184140
67.3995         26.941738          1.564352
67.4495         27.019957         -1.075938
67.4995         26.966160         -3.723894
67.5495         26.779964         -6.366577
67.5995         26.461636         -8.991014
67.6495         26.012085        -11.584253
67.6995         25.432873        -14.133438
67.7495         24.726200        -16.625860
67.7995         23.894907        -19.049028
67.8495         22.942455        -21.390730
67.8995         21.872919        -23.639090
67.9495         20.690964        -25.782635
67.9995         19.401833        -27.810349
68.0496         18.011314        -29.711727
68.0996         16.525728        -31.476835
68.1496         14.951886        -33.096355
68.1996         13.297069        -34.561642
68.2496         11.568987        -35.864754
68.2996          9.775749        -36.998516
68.3496          7.925823        -37.956539
68.3996          6.027996        -38.733269
68.4496          4.091332        -39.324013
68.4996          2.125132        -39.724964
68.5496          0.138883        -39.933228
68.5996         -1.857778        -39.946838
68.6496         -3.855120        -39.764774
68.6996         -5.843359        -39.386974
68.7496         -7.812708        -38.814323
68.7996         -9.753424        -38.048679
68.8496        -11.655858        -37.092842
68.8996        -13.510500        -35.950569
68.9496        -15.308028        -34.626541
68.9996        -17.039356        -33.126354
69.0496        -18.695675        -31.456497
69.0996        -20.268499        -29.624321
69.1496        -21.749716        -27.638008
69.1996        -23.131617        -25.506536
69.2496        -24.406944        -23.239637
69.2996        -25.568926        -20.847757
69.3496        -26.611313        -18.342003
69.3996        -27.528414        -15.734095
69.4496        -28.315119        -13.036310
69.4996        -28.966934        -10.261429
69.5496        -29.480005         -7.422669
69.5996        -29.851139         -4.533629
69.6497        -30.077820         -1.608217
69.6997        -30.158230          1.339409
69.7497        -30.091259          4.294915
69.7997        -29.876513          7.243858
69.8497        -29.514320         10.171757
69.8997        -29.005733         13.064160
69.9497        -28.352526         15.906722
69.9997        -27.557190         18.685270
70.0497        -26.622927         21.385876
70.0997        -25.553633         23.994923
70.1497        -24.353886         26.499178
70.1997        -23.028927         28.885859
70.2497        -21.584635         31.142693
70.2997        -20.027500         33.257988
70.3497        -18.364601         35.220684
70.3997        -16.603567         37.020416
70.4497        -14.752546         38.647568
70.4997        -12.820168         40.093319
70.5497        -10.815501         41.349697
70.5997         -8.748016         42.409615
70.6497         -6.627536         43.266922
70.6997         -4.464190         43.916420
70.7497         -2.268368         44.353912
70.7997         -0.050673         44.576214
70.8497          2.178138         44.581181
70.8997          4.407197         44.367722
70.9497          6.625583         43.935818
70.9997          8.822374         43.286510
71.0497         10.986700         42.421917
71.0997         13.107796         41.345219
71.1497         15.175056         40.060654
71.1997         17.178089         38.573498
71.2497         19.106764         36.890045
71.2998         20.951265         35.017582
71.3498         22.702145         32.964359
71.3998         24.350363         30.739550
71.4498         25.887341         28.353214
71.4998         27.305000         25.816256
71.5498         28.595814         23.140366
71.5998         29.752832         20.337976
71.6498         30.769732         17.422199
71.6998         31.640842         14.406766
71.7498         32.361179         11.305964
71.7998         32.926479          8.134568
71.8498         33.333206          4.907773
71.8998         33.578594          1.641119
71.9498         33.660648         -1.649583
71.9998         33.578171         -4.948327
72.0498         33.330753         -8.238988
72.0998         32.918804        -11.505402
72.1498         32.343533        -14.731444
72.1998         31.606960        -17.901110
72.2498         30.711905        -20.998592
72.2998         29.661976        -24.008358
72.3498         28.461557        -26.915232
72.3998         27.115795        -29.704464
72.4498         25.630571        -32.361813
72.4998         24.012482        -34.873608
72.5498         22.268801        -37.226830
72.5998         20.407459        -39.409172
72.6498         18.437000        -41.409103
72.6998         16.366545        -43.215931
72.7498         14.205748        -44.819851
72.7998         11.964755        -46.212013
72.8498          9.654154        -47.384560
72.8998          7.284925        -48.330666
72.9499          4.868392        -49.044590
72.9999          2.416162        -49.521694
73.0499         -0.059922        -49.758476
73.0999         -2.547846        -49.752605
73.1499         -5.035477        -49.502918
73.1999         -7.510623        -49.009441
73.2499         -9.961095        -48.273399
73.2999        -12.374765        -47.297211
73.3499        -14.739626        -46.084484
73.3999        -17.043850        -44.639999
73.4499        -19.275850        -42.969704
73.4999        -21.424335        -41.080669
73.5499        -23.478369        -38.981083
73.5999        -25.427423        -36.680202
73.6499        -27.261433        -34.188316
73.6999        -28.970848        -31.516697
73.7499        -30.546682        -28.677553
73.7999        -31.980560        -25.683979
73.8499        -33.264759        -22.549885
73.8999        -34.392254        -19.289938
73.9499        -35.356750        -15.919497
73.9999        -36.152725        -12.454536
74.0499        -36.775452         -8.911570
74.0999        -37.221031         -5.307575
74.1499        -37.486408         -1.659914
74.1999        -37.569405          2.013754
74.2499        -37.468716          5.695555
74.2999        -37.183937          9.367489
74.3499        -36.715561         13.011515
74.3999        -36.064983         16.609640
74.4499        -35.234501         20.144009
74.4999        -34.227299         23.596989
74.5499        -33.047451         26.951263
74.6000        -31.699888         30.189913
74.6500        -30.190393         33.296501
74.7000        -28.525568         36.255161
74.7500        -26.712811         39.050667
74.8000        -24.760277         41.668522
74.8500        -22.676851         44.095028
74.9000        -20.472099         46.317360
74.9500        -18.156231         48.323624
75.0000        -15.740049         50.102936
75.0500        -13.234902         51.645462
75.1000        -10.652629         52.942482
75.1500         -8.005505         53.986439
75.2000         -5.306183         54.770977
75.2500         -2.567634         55.290981
75.3000          0.196915         55.542610
75.3500          2.974046         55.523312
75.4000          5.750212         55.231853
75.4500          8.511805         54.668331
75.5000         11.245221         53.834175
75.5500         13.936930         52.732143
75.6000         16.573536         51.366325
75.6500         19.141851         49.742119
75.7000         21.628958         47.866219
75.7500         24.022268         45.746582
75.8000         26.309597         43.392399
75.8500         28.479218         40.814060
75.9000         30.519920         38.023098
75.9500         32.421074         35.032146
76.0000         34.172680         31.854881
76.0500         35.765423         28.505959
76.1000         37.190720         25.000948
76.1500         38.440765         21.356258
76.2001         39.508579         17.589064
76.2501         40.388031         13.717223
76.3001         41.073891          9.759196
76.3501         41.561852          5.733955
76.4001         41.848549          1.660893
76.4501         41.931595         -2.440264
76.5001         41.809582         -6.549561
76.5501         41.482105        -10.646900
76.6001         40.949760        -14.712147
76.6501         40.214153        -18.725224
76.7001         39.277893        -22.666210
76.7501         38.144581        -26.515444
76.8001         36.818810        -30.253613
76.8501         35.306129        -33.861855
76.9001         33.613037        -37.321854
76.9501         31.746944        -40.615932
77.0001         29.716148        -43.727135
77.0501         27.529791        -46.639317
77.1001         25.197824        -49.337234
77.1501         22.730963        -51.806622
77.2001         20.140633        -54.034256
77.2501         17.438919        -56.008038
77.3001         14.638517        -57.717052
77.3501         11.752665        -59.151627
77.4001          8.795083        -60.303387
77.4501          5.779914        -61.165306
77.5001          2.721648        -61.731739
77.5501         -0.364938        -61.998459
77.6001         -3.464861        -61.962696
77.6501         -6.562996        -61.623138
77.7001         -9.644153        -60.979965
77.7501        -12.693151        -60.034840
77.8001        -15.694894        -58.790913
77.8502        -18.634439        -57.252811
77.9002        -21.497080        -55.426636
77.9502        -24.268412        -53.319923
78.0002        -26.934408        -50.941620
78.0502        -29.481489        -48.302048
78.1002        -31.896591        -45.412861
78.1502        -34.167233        -42.286995
78.2002        -36.281582        -38.938606
78.2502        -38.228512        -35.383011
78.3002        -39.997662        -31.636618
78.3502        -41.579491        -27.716846
78.4002        -42.965332        -23.642056
78.4502        -44.147434        -19.431454
78.5002        -45.119007        -15.105005
78.5502        -45.874256        -10.683342
78.6002        -46.408424         -6.187665
78.6502        -46.717808         -1.639639
78.7002        -46.799789          2.938706
78.7502        -46.652855          7.525085
78.8002        -46.276600         12.097065
78.8502        -45.671745         16.632172
78.9002        -44.840137         21.108002
78.9502        -43.784737         25.502335
79.0002        -42.509621         29.793240
79.0502        -41.019958         33.959183
79.1002        -39.321999         37.979137
79.1502        -37.423042         41.832695
79.2002        -35.331406         45.500153
79.2502        -33.056396         48.962631
79.3002        -30.608265         52.202156
79.3502        -27.998158         55.201767
79.4002        -25.238070         57.945587
79.4502        -22.340790         60.418919
79.5003        -19.319843         62.608315
79.5503        -16.189428         64.501656
79.6003        -12.964346         66.088219
79.6503         -9.659935         67.358727
79.7003         -6.291999         68.305397
79.7503         -2.876729         68.922012
79.8003          0.569372         69.203934
79.8503          4.029569         69.148132
79.9003          7.486976         68.753235
79.9503         10.924638         68.019508
80.0003         14.325613         66.948891
80.0503         17.673058         65.544983
80.1003         20.950306         63.813023
80.1503         24.140957         61.759892
80.2003         27.228951         59.394077
80.2503         30.198654         56.725639
80.3003         33.034935         53.766171
80.3503         35.723244         50.528748
80.4003         38.249680         47.027870
80.4503         40.601074         43.279404
80.5003         42.765045         39.300499
80.5503         44.730072         35.109524
80.6003         46.485550         30.725977
80.6503         48.021851         26.170393
80.7003         49.330372         21.464252
80.7503         50.403584         16.629875
80.8003         51.235077         11.690324
80.8503         51.819592          6.669286
80.9003         52.153057          1.590966
80.9503         52.232605         -3.520033
81.0003         52.056602         -8.638828
81.0503         51.624660        -13.740376
81.1003         50.937641        -18.799593
81.1504         49.997662        -23.791481
81.2004         48.808086        -28.691252
81.2504         47.373524        -33.474445
81.3004         45.699802        -38.117050
81.3504         43.793949        -42.595631
81.4004         41.664169        -46.887436
81.4504         39.319798        -50.970524
81.5004         36.771271        -54.823864
81.5504         34.030079        -58.427448
81.6004         31.108707        -61.762398
81.6504         28.020588        -64.811050
81.7004         24.780035        -67.557068
81.7504         21.402182        -69.985512
81.8004         17.902906        -72.082924
81.8504         14.298760        -73.837410
81.9004         10.606890        -75.238686
81.9504          6.844955        -76.278160
82.0004          3.031047        -76.948967
82.0504         -0.816401        -77.246010
82.1004         -4.678701        -77.166000
82.1504         -8.537002        -76.707489
82.2004        -12.372376        -75.870865
82.2504        -16.165920        -74.658371
82.3004        -19.898838        -73.074112
82.3504        -23.552544        -71.124023
82.4004        -27.108746        -68.815872
82.4504        -30.549540        -66.159218
82.5004        -33.857502        -63.165363
82.5504        -37.015770        -59.847328
82.6004        -40.008137        -56.219784
82.6504        -42.819126        -52.298988
82.7004        -45.434074        -48.102715
82.7505        -47.839211        -43.650177
82.8005        -50.021721        -38.961933
82.8505        -51.969818        -34.059803
82.9005        -53.672810        -28.966761
82.9505        -55.121147        -23.706825
83.0005        -56.306488        -18.304953
83.0505        -57.221737        -12.786917
83.1005        -57.861084         -7.179186
83.1505        -58.220043         -1.508800
83.2005        -58.295483          4.196764
83.2505        -58.085644          9.909721
83.3005        -57.590157         15.602114
83.3505        -56.810051         21.245949
83.4005        -55.747753         26.813334
83.4505        -54.407085         32.276611
83.5005        -52.793255         37.608505
83.5505        -50.912830         42.782246
83.6005        -48.773720         47.771702
83.6505        -46.385136         52.551525
83.7005        -43.757561         57.097267
83.7505        -40.902699         61.385509
83.8005        -37.833424         65.393974
83.8505        -34.563725         69.101646
83.9005        -31.108643         72.488892
83.9505        -27.484198         75.537537
84.0005        -23.707321         78.230988
84.0505        -19.795773         80.554306
84.1005        -15.768057         82.494293
84.1505        -11.643342         84.039566
84.2005         -7.441364         85.180611
84.2505         -3.182333         85.909866
84.3005          1.113161         86.221733
84.3505          5.424247         86.112640
84.4006          9.729879         85.581062
84.4506         14.008932         84.627533
84.5006         18.240309         83.254654
84.5506         22.403042         81.467102
84.6006         26.476397         79.271606
84.6506         30.439978         76.676918
84.7006         34.273823         73.693802
84.7506         37.958511         70.334969
84.8006         41.475258         66.615036
84.8506         44.806011         62.550461
84.9006         47.933533         58.159473
84.9506         50.841507         53.461987
85.0006         53.514606         48.479519
85.0506         55.938583         43.235088
85.1006         58.100338         37.753109
85.1506         59.987995         32.059277
85.2006         61.590958         26.180452
85.2506         62.899979         20.144539
85.3006         63.907204         13.980341
85.3506         64.606224          7.717435
85.4006         64.992096          1.386025
85.4506         65.061394         -4.983201
85.5006         64.812233        -11.359217
85.5506         64.244270        -17.710815
85.6006         63.358730        -24.006754
85.6506         62.158394        -30.215910
85.7006         60.647598        -36.307434
85.7506         58.832226        -42.250900
85.8006         56.719681        -48.016457
85.8506         54.318859        -53.574986
85.9006         51.640110        -58.898232
85.9506         48.695198        -63.958961
86.0006         45.497250        -68.731094
86.0507         42.060696        -73.189827
86.1007         38.401203        -77.311775
86.1507         34.535614        -81.075096
86.2007         30.481859        -84.459587
86.2507         26.258881        -87.446808
86.3007         21.886539        -90.020180
86.3507         17.385530        -92.165062
86.4007         12.777277        -93.868843
86.4507          8.083835        -95.121017
86.5007          3.327784        -95.913231
86.5507         -1.467878        -96.239357
86.6007         -6.279846        -96.095505
86.6507        -11.084621        -95.480080
86.7007        -15.858625        -94.393784
86.7507        -20.578316        -92.839638
86.8007        -25.220299        -90.822960
86.8507        -29.761448        -88.351372
86.9007        -34.179016        -85.434753
86.9507        -38.450752        -82.085213
87.0007        -42.555012        -78.317039
87.0507        -46.470863        -74.146652
87.1007        -50.178196        -69.592506
87.1507        -53.657822        -64.675041
87.2007        -56.891575        -59.416576
87.2507        -59.862404        -53.841202
87.3007        -62.554462        -47.974686
87.3507        -64.953194        -41.844349
87.4007        -67.045410        -35.478935
87.4507        -68.819359        -28.908485
87.5007        -70.264786        -22.164188
87.5507        -71.372993        -15.278239
87.6007        -72.136902         -8.283686
87.6507        -72.551086         -1.214270
87.7008        -72.611801          5.895736
87.7508        -72.317017         13.011692
87.8008        -71.666435         20.098759
87.8508        -70.661499         27.122068
87.9008        -69.305397         34.046894
87.9508        -67.603050         40.838821
88.0008        -65.561111         47.463921
88.0508        -63.187916         53.888908
88.1008        -60.493469         60.081326
88.1508        -57.489403         66.009682
88.2008        -54.188919         71.643646
88.2508        -50.606735         76.954163
88.3008        -46.759026         81.913620
88.3508        -42.663345         86.496002
88.4008        -38.338547         90.677010
88.4508        -33.804695         94.434189
88.5008        -29.082985         97.747047
88.5508        -24.195633        100.597183
88.6008        -19.165773        102.968353
88.6508        -14.017355        104.846596
88.7008         -8.775024        106.220299
88.7508         -3.464009        107.080254
88.8008          1.890004        107.419724
88.8508          7.260990        107.234505
88.9008         12.622715        106.522926
88.9508         17.948862        105.285904
89.0008         23.213158        103.526917
89.0508         28.389503        101.252029
89.1008         33.452106         98.469856
89.1508         38.375599         95.191551
89.2008         43.135178         91.430740
89.2508         47.706715         87.203491
89.3008         52.066891         82.528236
89.3509         56.193302         77.425682
89.4009         60.064587         71.918739
89.4509         63.660522         66.032410
89.5009         66.962143         59.793678
89.5509         69.951828         53.231388
89.6009         72.613396         46.376110
89.6509         74.932198         39.259998
89.7009         76.895195         31.916643
89.7509         78.491028         24.380915
89.8009         79.710075         16.688793
89.8509         80.544518          8.877207
89.9009         80.988380          0.983844
89.9509         81.037575         -6.953016
90.0009         80.689926        -14.894698
90.0509         79.945190        -22.802311
90.1009         78.805077        -30.636940
90.1509         77.273232        -38.359837
90.2009         75.355240        -45.932613
90.2509         73.058609        -53.317425
90.3009         70.392738        -60.477169
90.3509         67.368881        -67.375656
90.4009         64.000099        -73.977806
90.4509         60.301208        -80.249817
90.5009         56.288719        -86.159332
90.5509         51.980751        -91.675629
90.6009         47.396969        -96.769745
90.6509         42.558483       -101.414650
90.7009         37.487751       -105.585381
90.7509         32.208481       -109.259178
90.8009         26.745522       -112.415611
90.8509         21.124741       -115.036674
90.9009         15.372907       -117.106895
90.9510          9.517562       -118.613441
91.0010          3.586890       -119.546165
91.0510         -2.390419       -119.897682
91.1010         -8.385303       -119.663422
91.1510        -14.368473       -118.841660
91.2010        -20.310556       -117.433548
91.2510        -26.182234       -115.443115
91.3010        -31.954390       -112.877258
91.3510        -37.598251       -109.745728
91.4010        -43.085537       -106.061096
91.4510        -48.388592       -101.838715
91.5010        -53.480526        -97.096634
91.5510        -58.335358        -91.855545
91.6010        -62.928135        -86.138680
91.6510        -67.235069        -79.971725
91.7010        -71.233658        -73.382690
91.7510        -74.902794        -66.401794
91.8010        -78.222885        -59.061321
91.8510        -81.175949        -51.395477
91.9010        -83.745720        -43.440235
91.9510        -85.917732        -35.233154
92.0010        -87.679390        -26.813217
92.0510        -89.020050        -18.220638
92.1010        -89.931084         -9.496674
92.1510        -90.405914         -0.683427
92.2010        -90.440086          8.176353
92.2510        -90.031265         17.039480
92.3010        -89.179291         25.862545
92.3510        -87.886162         34.602116
92.4010        -86.156059         43.214958
92.4510        -83.995308         51.658253
92.5010        -81.412392         59.889793
92.5510        -78.417900         67.868210
92.6011        -75.024490         75.553162
92.6511        -71.246834         82.905563
92.7011        -67.101555         89.887756
92.7511        -62.607166         96.463707
92.8011        -57.783981        102.599213
92.8511        -52.654022        108.262039
92.9011        -47.240921        113.422134
92.9511        -41.569813        118.051743
93.0011        -35.667225        122.125587
93.0511        -29.560946        125.620972
93.1011        -23.279896        128.517944
93.1511        -16.853998        130.799377
93.2011        -10.314030        132.451065
93.2511         -3.691476        133.461838
93.3011          2.981616        133.823608
93.3511          9.672796        133.531403
93.4011         16.349367        132.583466
93.4511         22.978540        130.981232
93.5011         29.527603        128.729340
93.5511         35.964069        125.835632
93.6011         42.255852        122.311157
93.6511         48.371410        118.170082
93.7011         54.279915        113.429688
93.7511         59.951401        108.110260
93.8011         65.356911        102.235023
93.8511         70.468658         95.830048
93.9011         75.260162         88.924118
93.9511         79.706367         81.548622
94.0011         83.783798         73.737396
94.0511         87.470665         65.526581
94.1011         90.746994         56.954456
94.1511         93.594719         48.061249
94.2011         95.997780         38.888966
94.2512         97.942230         29.481182
94.3012         99.416290         19.882843
94.3512        100.410431         10.140046
94.4012        100.917435          0.299824
94.4512        100.932426         -9.590084
94.5012        100.452919        -19.481461
94.5512         99.478844        -29.325848
94.6012         98.012550        -39.074776
94.6512         96.058815        -48.680004
94.7012         93.624817        -58.093769
94.7512         90.720131        -67.268997
94.8012         87.356682        -76.159569
94.8512         83.548706        -84.720520
94.9012         79.312683        -92.908295
94.9512         74.667267       -100.680939
95.0012         69.633217       -107.998329
95.0512         64.233299       -114.822388
95.1012         58.492180       -121.117249
95.1512         52.436317       -126.849480
95.2012         46.093842       -131.988235
95.2512         39.494431       -136.505432
95.3012         32.669159       -140.375885
95.3512         25.650364       -143.577469
95.4012         18.471491       -146.091202
95.4512         11.166931       -147.901413
95.5012          3.771861       -148.995773
95.5512         -3.677928       -149.365417
95.6012        -11.146198       -149.004974
95.6512        -18.596447       -147.912643
95.7012        -25.992079       -146.090195
95.7512        -33.296589       -143.542969
95.8012        -40.473736       -140.279907
95.8512        -47.487732       -136.313477
95.9013        -54.303406       -131.659683
95.9513        -60.886391       -126.337952
96.0013        -67.203285       -120.371086
96.0513        -73.221840       -113.785164
96.1013        -78.911095       -106.609421
96.1513        -84.241562        -98.876137
96.2013        -89.185371        -90.620468
96.2513        -93.716393        -81.880302
96.3013        -97.810410        -72.696098
96.3513       -101.445213        -63.110680
96.4013       -104.600746        -53.169048
96.4513       -107.259201        -42.918175
96.5013       -109.405113        -32.406773
96.5513       -111.025452        -21.685072
96.6013       -112.109703        -10.804578
96.6513       -112.649933          0.182173
96.7013       -112.640823         11.221866
96.7513       -112.079727         22.260666
96.8013       -110.966690         33.244480
96.8513       -109.304466         44.119217
96.9013       -107.098503         54.831055
96.9513       -104.356949         65.326706
97.0013       -101.090614         75.553688
97.0513        -97.312927         85.460571
97.1013        -93.039902         94.997238
97.1513        -88.290039        104.115150
97.2013        -83.084282        112.767570
97.2513        -77.445900        120.909828
97.3013        -71.400406        128.499527
97.3513        -64.975433        135.496765
97.4013        -58.200596        141.864365
97.4513        -51.107376        147.568024
97.5014        -43.728973        152.576553
97.5514        -36.100147        156.862000
97.6014        -28.257048        160.399811
97.6514        -20.237057        163.169006
97.7014        -12.078607        165.152237
97.7514         -3.820994        166.335938
97.8014          4.495803        166.710388
97.8514         12.831323        166.269806
97.9014         21.144814        165.012329
97.9514         29.395432        162.940140
98.0014         37.542439        160.059387
98.0514         45.545410        156.380234
98.1014         53.364422        151.916779
98.1514         60.960262        146.687073
98.2014         68.294617        140.712967
98.2514         75.330261        134.020096
98.3014         82.031265        126.637733
98.3514         88.363152        118.598671
98.4014         94.293083        109.939079
98.4514         99.790039        100.698357
98.5014        104.824959         90.918930
98.5514        109.370903         80.646088
98.6014        113.403206         69.927742
98.6514        116.899590         58.814228
98.7014        119.840302         47.358070
98.7514        122.208206         35.613720
98.8014        123.988892         23.637316
98.8514        125.170761         11.486404
98.9014        125.745079         -0.780330
98.9514        125.706062        -13.103347
99.0014        125.050896        -25.422541
99.0514        123.779770        -37.677528
99.1014        121.895897        -49.807945
99.1515        119.405502        -61.753742
99.2015        116.317818        -73.455482
99.2515        112.645042        -84.854630
99.3015        108.402313        -95.893845
99.3515        103.607620       -106.517273
99.4015         98.281754       -116.670822
99.4515         92.448212       -126.302437
99.5015         86.133087       -135.362366
99.5515         79.364967       -143.803406
99.6015         72.174797       -151.581177
99.6515         64.595741       -158.654312
99.7015         56.663025       -164.984695
99.7515         48.413788       -170.537674
99.8015         39.886902       -175.282227
99.8515         31.122791       -179.191147
99.9015         22.163235       -182.241180
99.9515         13.051175       -184.413177
*******          3.830516       -185.692200
