 0.0000          1.000000          0.000000
 0.1200          1.000000         -0.235202
 0.2400          0.957664         -0.470402
 0.3600          0.887103         -0.690666
 0.4800          0.791008         -0.891015
 0.6000          0.672065         -1.065759
 0.7200          0.533689         -1.209841
 0.8400          0.379864         -1.319092
 0.9600          0.215018         -1.390346
 1.0800          0.043901         -1.421532
 1.2000         -0.128554         -1.411734
 1.3200         -0.297374         -1.361217
 1.4400         -0.457689         -1.271422
 1.5600         -0.604872         -1.144920
 1.6800         -0.734673         -0.985345
 1.8000         -0.843340         -0.797286
 1.9200         -0.927730         -0.586153
 2.0400         -0.985401         -0.358027
 2.1600         -1.014676         -0.119478
 2.2800         -1.014701          0.122616
 2.4000         -0.985461          0.361277
 2.5200         -0.927788          0.589619
 2.6400         -0.843334          0.801052
 2.7600         -0.734521          0.989473
 2.8800         -0.604480          1.149436
 3.0000         -0.456949          1.276316
 3.1200         -0.296179          1.366441
 3.2400         -0.126798          1.417196
 3.3600          0.046311          1.427100
 3.4800          0.218157          1.395850
 3.6000          0.383784          1.324330
 3.7200          0.538412          1.214586
 3.8400          0.677578          1.069768
 3.9600          0.797261          0.894036
 4.0800          0.894001          0.692445
 4.2000          0.964999          0.470799
 4.3200          1.008196          0.235482
 4.4400          1.022335         -0.006726
 4.5600          1.006996         -0.248842
 4.6800          0.962608         -0.483883
 4.8000          0.890439         -0.705068
 4.9200          0.792560         -0.906013
 5.0400          0.671782         -1.080912
 5.1600          0.531578         -1.224712
 5.2800          0.375985         -1.333251
 5.4000          0.209483         -1.403385
 5.5200          0.036868         -1.433074
 5.6400         -0.136882         -1.421446
 5.7600         -0.306758         -1.368819
 5.8800         -0.467858         -1.276692
 6.0000         -0.615534         -1.147706
 6.1200         -0.745519         -0.985566
 6.2400         -0.854059         -0.794933
 6.3600         -0.938013         -0.581295
 6.4800         -0.994950         -0.350801
 6.6000         -1.023217         -0.110093
 6.7200         -1.021985          0.133892
 6.8400         -0.991279          0.374118
 6.9600         -0.931971          0.603656
 7.0800         -0.845761          0.815881
 7.2000         -0.735121          1.004665
 7.3200         -0.603234          1.164555
 7.4400         -0.453894          1.290925
 7.5600         -0.291401          1.380119
 7.6800         -0.120435          1.429547
 7.8000          0.054076          1.437768
 7.9200          0.227101          1.404527
 8.0400          0.393650          1.330765
 8.1600          0.548916          1.218592
 8.2800          0.688417          1.071228
 8.4000          0.808122          0.892907
 8.5200          0.904572          0.688759
 8.6400          0.974974          0.464661
 8.7600          1.017288          0.227068
 8.8800          1.030280         -0.017174
 9.0000          1.013565         -0.261024
 9.1200          0.967611         -0.497449
 9.2400          0.893732         -0.719626
 9.3600          0.794046         -0.921144
 9.4800          0.671417         -1.096180
 9.6000          0.529374         -1.239677
 9.7200          0.372003         -1.347481
 9.8400          0.203837         -1.416469
 9.9600          0.029721         -1.444635
10.0800         -0.145325         -1.431150
10.2000         -0.316254         -1.376384
10.3200         -0.478134         -1.281900
10.4400         -0.626293         -1.150406
10.5600         -0.756452         -0.985678
10.6800         -0.864850         -0.792454
10.8000         -0.948351         -0.576294
10.9200         -1.004536         -0.343422
11.0400         -1.031775         -0.100547
11.1600         -1.029268          0.145329
11.2800         -0.997076          0.387118
11.4000         -0.936114          0.617845
11.5200         -0.848129          0.830850
11.6400         -0.735647          1.019983
11.7600         -0.601901          1.179779
11.8800         -0.450740          1.305617
12.0000         -0.286516          1.393855
12.1200         -0.113959          1.441931
12.2400          0.061957          1.448441
12.3600          0.236161          1.413181
12.4800          0.403627          1.337149
12.6000          0.559523          1.222522
12.7200          0.699348          1.072589
12.8400          0.819063          0.891659
12.9600          0.915206          0.684937
13.0800          0.984995          0.458374
13.2000          1.026406          0.218496
13.3200          1.038233         -0.027785
13.4400          1.020122         -0.273368
13.5600          0.972583         -0.511171
13.6800          0.896974         -0.734332
13.8000          0.795465         -0.936409
13.9200          0.670971         -1.111564
14.0400          0.527074         -1.254736
14.1600          0.367915         -1.361782
14.2800          0.198079         -1.429599
14.4000          0.022458         -1.456214
14.5200         -0.153885         -1.440843
14.6400         -0.325863         -1.383912
14.7600         -0.488517         -1.287044
14.8800         -0.637150         -1.153017
15.0000         -0.767471         -0.985680
15.1200         -0.875712         -0.789845
15.2400         -0.958743         -0.571148
15.3600         -1.014159         -0.335887
15.4800         -1.040350         -0.090840
15.6000         -1.036548          0.156930
15.7200         -1.002850          0.400279
15.8400         -0.940216          0.632187
15.9600         -0.850439          0.845960
16.0800         -0.736098          1.035425
16.2000         -0.600479          1.195109
16.3200         -0.447485          1.320392
16.4400         -0.281520          1.407649
16.5600         -0.107367          1.454345
16.6800          0.069956          1.459117
16.8000          0.245336          1.421811
16.9200          0.413715          1.343483
17.0400          0.570233          1.226376
17.1600          0.710372          1.073850
17.2800          0.830083          0.890290
17.4000          0.925904          0.680977
17.5200          0.995062          0.451936
17.6400          1.035552          0.209764
17.7600          1.046194         -0.038559
17.8800          1.026667         -0.285875
18.0000          0.977523         -0.525051
18.1200          0.900166         -0.749185
18.2400          0.796816         -0.951807
18.3600          0.670442         -1.127064
18.4800          0.524679         -1.269891
18.6000          0.363722         -1.376153
18.7200          0.192208         -1.442773
18.8400          0.015078         -1.467810
18.9600         -0.162561         -1.450526
19.0800         -0.335587         -1.391401
19.2000         -0.499008         -1.292123
19.3200         -0.648106         -1.155538
19.4400         -0.778575         -0.985570
19.5600         -0.886646         -0.787106
19.6800         -0.969190         -0.565858
19.8000         -1.023818         -0.328197
19.9200         -1.048942         -0.080970
20.0400         -1.043825          0.168695
20.1600         -1.008602          0.413601
20.2800         -0.944275          0.646682
20.4000         -0.852689          0.861211
20.5200         -0.736472          1.050993
20.6400         -0.598966          1.210544
20.7600         -0.444127          1.335250
20.8800         -0.276415          1.421499
21.0000         -0.100660          1.466789
21.1200          0.078072          1.469796
21.2400          0.254628          1.430414
21.3600          0.423915          1.349763
21.4800          0.581047          1.230150
21.6000          0.721488          1.075009
21.7200          0.841181          0.888799
21.8400          0.936664          0.676877
21.9600          1.005174          0.445345
22.0800          1.044724          0.200871
22.2000          1.054160         -0.049499
22.3200          1.033198         -0.298547
22.4400          0.982430         -0.539090
22.5600          0.903306         -0.764187
22.6800          0.798098         -0.967339
22.8000          0.669828         -1.142679
22.9200          0.522186         -1.285138
23.0400          0.359422         -1.390594
23.1600          0.186223         -1.455989
23.2800          0.007581         -1.479421
23.4000         -0.171355         -1.460195
23.5200         -0.345425         -1.398850
23.6400         -0.509606         -1.297135
23.7600         -0.659160         -1.157968
23.8800         -0.789766         -0.985346
24.0000         -0.897650         -0.784234
24.1200         -0.979691         -0.560419
24.2400         -1.033513         -0.320348
24.3600         -1.057550         -0.070936
24.4800         -1.051098          0.180626
24.6000         -1.014329          0.427086
24.7200         -0.948291          0.661332
24.8400         -0.854877          0.876604
24.9600         -0.736768          1.066685
25.0800         -0.597361          1.226084
25.2001         -0.440667          1.350189
25.3201         -0.271198          1.435406
25.4401         -0.093836          1.479262
25.5601          0.086307          1.480475
25.6801          0.264037          1.438991
25.8001          0.434226          1.355988
25.9201          0.591965          1.233844
26.0401          0.732697          1.076064
26.1601          0.852358          0.887183
26.2801          0.947487          0.672636
26.4001          1.015331          0.438600
26.5201          1.053921          0.191816
26.6401          1.062132         -0.060604
26.7601          1.039714         -0.311383
26.8801          0.987301         -0.553288
27.0001          0.906392         -0.779337
27.1201          0.799309         -0.983006
27.2401          0.669128         -1.158410
27.3601          0.519595         -1.300480
27.4801          0.355013         -1.405103
27.6001          0.180123         -1.469248
27.7201         -0.000035         -1.491045
27.8401         -0.180269         -1.469851
27.9601         -0.355379         -1.406256
28.0801         -0.520314         -1.302078
28.2001         -0.670313         -1.160304
28.3201         -0.801043         -0.985006
28.4401         -0.908726         -0.781227
28.5601         -0.990246         -0.554831
28.6801         -1.043242         -0.312339
28.8001         -1.066173         -0.060736
28.9201         -1.058365          0.192725
29.0401         -1.020031          0.440734
29.1601         -0.952262          0.676137
29.2801         -0.857001          0.892140
29.4001         -0.736985          1.082504
29.5201         -0.595662          1.241728
29.6401         -0.437101          1.365209
29.7601         -0.265868          1.449368
29.8801         -0.086894          1.491763
30.0001          0.094661          1.491153
30.1201          0.273563          1.447538
30.2401          0.444651          1.362157
30.3601          0.602987          1.237455
30.4801          0.743999          1.077013
30.6001          0.863614          0.885441
30.7201          0.958373          0.668252
30.8401          1.025532          0.431699
30.9601          1.063143          0.182596
31.0801          1.070108         -0.071878
31.2001          1.046214         -0.324386
31.3201          0.992137         -0.567646
31.4401          0.909424         -0.794637
31.5601          0.800448         -0.998807
31.6801          0.668341         -1.174257
31.8001          0.516904         -1.315915
31.9201          0.350494         -1.419681
32.0401          0.173907         -1.482548
32.1601         -0.007771         -1.502684
32.2801         -0.189301         -1.479491
32.4001         -0.365449         -1.413619
32.5201         -0.531131         -1.306951
32.6401         -0.681565         -1.162545
32.7601         -0.812406         -0.984550
32.8801         -0.919872         -0.778085
33.0001         -1.000854         -0.549093
33.1201         -1.053006         -0.304168
33.2401         -1.074811         -0.050368
33.3601         -1.065627          0.204991
33.4801         -1.025706          0.454547
33.6001         -0.956187          0.691098
33.7201         -0.859063          0.907818
33.8401         -0.737121          1.098448
33.9601         -0.593870          1.257478
34.0801         -0.433430          1.380310
34.2001         -0.260423          1.463385
34.3201         -0.079833          1.504291
34.4401          0.103137          1.501830
34.5601          0.283209          1.456056
34.6801          0.455189          1.368268
34.8001          0.614114          1.240983
34.9201          0.755395          1.077854
35.0401          0.874949          0.883571
35.1601          0.969321          0.663723
35.2801          1.035777          0.424640
35.4001          1.072389          0.173211
35.5201          1.078088         -0.083321
35.6401          1.052698         -0.337557
35.7601          0.996937         -0.582166
35.8801          0.912400         -0.810088
36.0001          0.801514         -1.014743
36.1201          0.667466         -1.190219
36.2401          0.514111         -1.331443
36.3601          0.345865         -1.434327
36.4801          0.167572         -1.495889
36.6001         -0.015628         -1.514335
36.7201         -0.198455         -1.489115
36.8401         -0.375636         -1.420938
36.9601         -0.542057         -1.311752
37.0801         -0.692916         -1.164688
37.2001         -0.823855         -0.983974
37.3200         -0.931089         -0.774804
37.4400         -1.011515         -0.543202
37.5600         -1.062804         -0.295835
37.6800         -1.083462         -0.039832
37.8000         -1.072881          0.217428
37.9200         -1.031354          0.468525
38.0400         -0.960066          0.706216
38.1600         -0.861058          0.923640
38.2800         -0.737176          1.114517
38.4000         -0.591981          1.273333
38.5200         -0.429652          1.395492
38.6400         -0.254864          1.477456
38.7600         -0.072651          1.516845
38.8800          0.111733          1.512504
39.0000          0.292974          1.464541
39.1200          0.465841          1.374320
39.2400          0.625346          1.244425
39.3600          0.766883          1.078586
39.4800          0.886363          0.881570
39.6000          0.980331          0.659047
39.7200          1.046065          0.417423
39.8400          1.081658          0.163658
39.9600          1.086071         -0.094934
40.0800          1.059163         -0.350897
40.2000          1.001698         -0.596848
40.3200          0.915319         -0.825689
40.4400          0.802506         -1.030814
40.5600          0.666501         -1.206297
40.6800          0.511216         -1.347064
40.8000          0.341123         -1.449040
40.9200          0.161119         -1.509269
41.0400         -0.023607         -1.525996
41.1600         -0.207730         -1.498720
41.2800         -0.385940         -1.428209
41.4000         -0.553094         -1.316479
41.5200         -0.704368         -1.166734
41.6400         -0.835391         -0.983276
41.7600         -0.942377         -0.771384
41.8800         -1.022229         -0.537156
42.0000         -1.072634         -0.287337
42.1200         -1.092126         -0.029125
42.2400         -1.080128          0.230035
42.3600         -1.036974          0.482670
42.4800         -0.963896          0.721491
42.6000         -0.862988          0.939605
42.7200         -0.737148          1.130713
42.8400         -0.589996          1.289292
42.9600         -0.425766          1.410754
43.0800         -0.249188          1.491580
43.2000         -0.065349          1.529424
43.3200          0.120453          1.523175
43.4400          0.302859          1.472994
43.5600          0.476607          1.380311
43.6800          0.636683          1.247780
43.8000          0.778465          1.079207
43.9200          0.897855          0.879438
44.0400          0.991402          0.654222
44.1600          1.056396          0.410044
44.2800          1.090950          0.153936
44.4000          1.094056         -0.106719
44.5200          1.065610         -0.364406
44.6400          1.006420         -0.611693
44.7600          0.918180         -0.841442
44.8800          0.803422         -1.047021
45.0000          0.665445         -1.222490
45.1200          0.508218         -1.362777
45.2400          0.336268         -1.463820
45.3600          0.154547         -1.522689
45.4800         -0.031708         -1.537668
45.6000         -0.217127         -1.508306
45.7200         -0.396362         -1.435433
45.8400         -0.564241         -1.321130
45.9600         -0.715919         -1.168678
46.0800         -0.847013         -0.982457
46.2000         -0.953735         -0.767823
46.3200         -1.032995         -0.530954
46.4400         -1.082498         -0.278672
46.5600         -1.100802         -0.018247
46.6800         -1.087366          0.242814
46.8000         -1.042564          0.496982
46.9200         -0.967676          0.736925
47.0400         -0.864849          0.955715
47.1600         -0.737036          1.147035
47.2800         -0.587912          1.305355
47.4000         -0.421770          1.426095
47.5200         -0.243395          1.505757
47.6400         -0.057924          1.542027
47.7600          0.129295          1.533839
47.8800          0.312865          1.481412
48.0000          0.487489          1.386238
48.1200          0.648127          1.251045
48.2400          0.790141          1.079715
48.3600          0.909427          0.877173
48.4799          1.002535          0.649248
48.5999          1.066769          0.402502
48.7199          1.100265          0.144044
48.8399          1.102042         -0.118677
48.9599          1.072038         -0.378087
49.0799          1.011103         -0.626701
49.1999          0.920982         -0.857347
49.3199          0.804261         -1.063364
49.4399          0.664297         -1.238800
49.5599          0.505115         -1.378582
49.6799          0.331298         -1.478666
49.7999          0.147853         -1.536146
49.9199         -0.039933         -1.549348
50.0399         -0.226647         -1.517872
50.1599         -0.406903         -1.442607
50.2799         -0.575500         -1.325705
50.3999         -0.727571         -1.170521
50.5199         -0.858722         -0.981513
50.6399         -0.965163         -0.764118
50.7599         -1.043814         -0.524594
50.8799         -1.092393         -0.269840
50.9999         -1.109489         -0.007196
51.1199         -1.094594          0.255766
51.2399         -1.048124          0.511463
51.3599         -0.971407          0.752517
51.4799         -0.866641          0.971970
51.5999         -0.736838          1.163484
51.7199         -0.585729          1.321523
51.8399         -0.417664          1.441516
51.9599         -0.237482          1.519986
52.0799         -0.050376          1.554652
52.1999          0.138263          1.544497
52.3199          0.322993          1.489794
52.4399          0.498486          1.392102
52.5599          0.659677          1.254220
52.6799          0.801910          1.080108
52.7999          0.921076          0.874772
52.9199          1.013729          0.644121
53.0399          1.077184          0.394796
53.1599          1.109600          0.133980
53.2799          1.110029         -0.130810
53.3999          1.078444         -0.391939
53.5199          1.015744         -0.641875
53.6399          0.923723         -0.873404
53.7599          0.805022         -1.079842
53.8799          0.663055         -1.255224
53.9999          0.501905         -1.394480
54.1199          0.326212         -1.493576
54.2399          0.141037         -1.549640
54.3599         -0.048283         -1.561036
54.4799         -0.236291         -1.527415
54.5999         -0.417564         -1.449730
54.7199         -0.586870         -1.330201
54.8399         -0.739323         -1.172259
54.9599         -0.870517         -0.980442
55.0799         -0.976661         -0.760268
55.1999         -1.054683         -0.518074
55.3199         -1.102320         -0.260838
55.4399         -1.118186          0.004030
55.5599         -1.101811          0.268893
55.6799         -1.053652          0.526114
55.7999         -0.975085          0.768269
55.9199         -0.868363          0.988369
56.0399         -0.736553          1.180058
56.1599         -0.583445          1.337794
56.2799         -0.413445          1.457015
56.3999         -0.231450          1.534265
56.5199         -0.042703          1.567300
56.6399          0.147355          1.555147
56.7599          0.333243          1.498138
56.8799          0.509599          1.397899
56.9999          0.671333          1.257302
57.1199          0.813773          1.080384
57.2399          0.932804          0.872234
57.3599          1.024983          0.638840
57.4799          1.087640          0.386924
57.5999          1.118956          0.123743
57.7199          1.118014         -0.143119
57.8399          1.084829         -0.405965
57.9599          1.020342         -0.657214
58.0799          0.926401         -0.889615
58.1999          0.805704         -1.096457
58.3199          0.661718         -1.271764
58.4399          0.498588         -1.410468
58.5599          0.321010         -1.508551
58.6799          0.134099         -1.563170
58.7999         -0.056759         -1.572729
58.9199         -0.246060         -1.536935
59.0399         -0.428344         -1.456800
59.1599         -0.598352         -1.334616
59.2799         -0.751175         -1.173891
59.3999         -0.882398         -0.979243
59.5199         -0.988229         -0.756271
59.6399         -1.065603         -0.511394
59.7598         -1.112277         -0.251665
59.8798         -1.126893          0.015432
59.9998         -1.109016          0.282196
60.1198         -1.059146          0.540934
60.2398         -0.978710          0.784181
60.3598         -0.870014          1.004914
60.4798         -0.736180          1.196759
60.5998         -0.581058          1.354169
60.7198         -0.409113          1.472592
60.8398         -0.225297          1.548594
60.9598         -0.034905          1.579967
61.0798          0.156573          1.565787
61.1998          0.343617          1.506443
61.3198          0.520829          1.403628
61.4398          0.683096          1.260289
61.5598          0.825730          1.080543
61.6798          0.944610          0.869557
61.7998          1.036298          0.633404
61.9198          1.098137          0.378885
62.0398          1.128332          0.113331
62.1598          1.125999         -0.155604
62.2798          1.091190         -0.420165
62.3998          1.024897         -0.672719
62.5198          0.929017         -0.905979
62.6398          0.806304         -1.113208
62.7598          0.660285         -1.288420
62.8798          0.495162         -1.426547
62.9998          0.315689         -1.523591
63.1198          0.127036         -1.576735
63.2398         -0.065361         -1.584428
63.3598         -0.255954         -1.546429
63.4798         -0.439246         -1.463815
63.5998         -0.609947         -1.338949
63.7198         -0.763129         -1.175416
63.8398         -0.894366         -0.977913
63.9598         -0.999866         -0.752125
64.0798         -1.076574         -0.504550
64.1998         -1.122265         -0.242319
64.3198         -1.135610          0.027011
64.4398         -1.116208          0.295676
64.5598         -1.064607          0.555926
64.6798         -0.982281          0.800254
64.7998         -0.871591          1.021605
64.9198         -0.735717          1.213586
65.0398         -0.578568          1.370648
65.1598         -0.404667          1.488246
65.2798         -0.219021          1.562973
65.3998         -0.026981          1.592655
65.5198          0.165919          1.576417
65.6398          0.354114          1.514708
65.7598          0.532177          1.409289
65.8799          0.694966          1.263180
65.9999          0.837781          1.080580
66.1199          0.956495          0.866739
66.2399          1.047673          0.627811
66.3599          1.108675          0.370676
66.4799          1.137728          0.102742
66.5999          1.133981         -0.168269
66.7199          1.097528         -0.434540
66.8399          1.029407         -0.688392
66.9599          0.931569         -0.922497
67.0799          0.806823         -1.130096
67.1999          0.658755         -1.305191
67.3199          0.491627         -1.442718
67.4399          0.310249         -1.538694
67.5599          0.119847         -1.590334
67.6799         -0.074092         -1.596131
67.7999         -0.265975         -1.555898
67.9199         -0.450269         -1.470775
68.0399         -0.621654         -1.343199
68.1599         -0.775184         -1.176831
68.2799         -0.906421         -0.976452
68.3999         -1.011573         -0.747829
68.5199         -1.087595         -0.497541
68.6399         -1.132282         -0.232798
68.7599         -1.144334          0.038770
68.8799         -1.123387          0.309334
68.9999         -1.070033          0.571092
69.1199         -0.985797          0.816489
69.2399         -0.873094          1.038442
69.3599         -0.735164          1.230540
69.4799         -0.575973          1.387230
69.5999         -0.400104          1.503978
69.7199         -0.212622          1.577400
69.8399         -0.018929          1.605361
69.9599          0.175392          1.587035
70.0799          0.364737          1.522931
70.2000          0.543642          1.414877
70.3200          0.706944          1.265973
70.4400          0.849927          1.080496
70.5600          0.968458          0.863778
70.6800          1.059108          0.622058
70.8000          1.119252          0.362295
70.9200          1.147141          0.091974
71.0400          1.141959         -0.181113
71.1600          1.103840         -0.449093
71.2800          1.033870         -0.704233
71.4000          0.934054         -0.939171
71.5200          0.807257         -1.147122
71.6400          0.657125         -1.322078
71.7600          0.487979         -1.458978
71.8800          0.304687         -1.553859
72.0000          0.112532         -1.603966
72.1200         -0.082951         -1.607836
72.2400         -0.276123         -1.565337
72.3600         -0.461414         -1.477676
72.4800         -0.633475         -1.347361
72.6000         -0.787340         -1.178134
72.7200         -0.918562         -0.974857
72.8400         -1.023348         -0.743379
72.9600         -1.098665         -0.490365
73.0800         -1.142328         -0.223102
73.2000         -1.153064          0.050709
73.3200         -1.130551          0.323172
73.4400         -1.075422          0.586430
73.5600         -0.989255          0.832886
73.6800         -0.874522          1.055426
73.8000         -0.734518          1.247621
73.9200         -0.573272          1.403915
74.0400         -0.395424          1.519786
74.1600         -0.206098          1.591875
74.2800         -0.010748          1.618084
74.4000          0.184995          1.597639
74.5201          0.375485          1.531109
74.6401          0.555226          1.420393
74.7601          0.719030          1.268666
74.8801          0.862167          1.080287
75.0001          0.980498          0.860672
75.1201          1.070602          0.616143
75.2401          1.129868          0.353741
75.3601          1.156573          0.081027
75.4801          1.149933         -0.194139
75.6001          1.110126         -0.463823
75.7201          1.038287         -0.720243
75.8401          0.936472         -0.956000
75.9601          0.807607         -1.164285
76.0801          0.655396         -1.339079
76.2001          0.484218         -1.475328
76.3201          0.299004         -1.569086
76.4401          0.105088         -1.617631
76.5601         -0.091940         -1.619543
76.6801         -0.286400         -1.574748
76.8001         -0.472682         -1.484518
76.9201         -0.645410         -1.351437
77.0401         -0.799598         -1.179323
77.1601         -0.930790         -0.973125
77.2801         -1.035193         -0.738775
77.4001         -1.109785         -0.483020
77.5201         -1.152402         -0.213227
77.6401         -1.161802          0.062830
77.7601         -1.137699          0.337191
77.8801         -1.080774          0.601943
78.0001         -0.992656          0.849447
78.1201         -0.875872          1.072557
78.2401         -0.733779          1.264828
78.3601         -0.570463          1.420703
78.4801         -0.390626          1.535670
78.6001         -0.199448          1.606397
78.7201         -0.002437          1.630824
78.8401          0.194728          1.608229
78.9602          0.386360          1.539242
79.0802          0.566929          1.425835
79.2002          0.731225          1.271258
79.3202          0.874501          1.079952
79.4402          0.992617          0.857420
79.5602          1.082156          0.610066
79.6802          1.140523          0.345014
79.8002          1.166021          0.069899
79.9202          1.157902         -0.207348
80.0402          1.116386         -0.478732
80.1602          1.042655         -0.736423
80.2802          0.938823         -0.972985
80.4002          0.807871         -1.181585
80.5202          0.653564         -1.356197
80.6402          0.480344         -1.491769
80.7602          0.293198         -1.584375
80.8802          0.097516         -1.631326
81.0002         -0.101060         -1.631250
81.1202         -0.296805         -1.584128
81.2402         -0.484073         -1.491300
81.3602         -0.657460         -1.355423
81.4802         -0.811958         -1.180398
81.6002         -0.943104         -0.971257
81.7202         -1.047107         -0.734016
81.8402         -1.120954         -0.475506
81.9602         -1.162504         -0.203173
82.0802         -1.170545          0.075134
82.2002         -1.144830          0.351392
82.3202         -1.086088          0.617632
82.4402         -0.995998          0.866172
82.5602         -0.877145          1.089836
82.6802         -0.732945          1.282163
82.8002         -0.567545          1.437594
82.9202         -0.385708          1.551630
83.0402         -0.192671          1.620964
83.1602          0.006005          1.643579
83.2803          0.204591          1.618802
83.4003          0.397361          1.547329
83.5203          0.578752          1.431200
83.6403          0.743528          1.273746
83.7603          0.886931          1.079490
83.8803          1.004814          0.854020
84.0003          1.093768          0.603824
84.1203          1.151215          0.336109
84.2403          1.175486          0.058587
84.3603          1.165865         -0.220741
84.4803          1.122616         -0.493821
84.6003          1.046973         -0.752774
84.7203          0.941103         -0.990126
84.8403          0.808046         -1.199023
84.9603          0.651630         -1.373429
85.0803          0.476354         -1.508297
85.2003          0.287266         -1.599723
85.3203          0.089814         -1.645052
85.4403         -0.110312         -1.642955
85.5603         -0.307341         -1.593475
85.6803         -0.495589         -1.498018
85.8003         -0.669624         -1.359318
85.9203         -0.824420         -1.181356
86.0403         -0.955505         -0.969248
86.1603         -1.059088         -0.729098
86.2803         -1.132171         -0.467819
86.4003         -1.172632         -0.192938
86.5203         -1.179292          0.087624
86.6403         -1.151943          0.365776
86.7603         -1.091361          0.633497
86.8803         -0.999278          0.883061
87.0003         -0.878337          1.107262
87.1203         -0.732014          1.299624
87.2403         -0.564517          1.454586
87.3603         -0.380669          1.567663
87.4803         -0.185765          1.635576
87.6003          0.014579          1.656347
87.7204          0.214587          1.629357
87.8404          0.408490          1.555366
87.9604          0.590695          1.436486
88.0804          0.755940          1.276127
88.2004          0.899454          1.078897
88.3204          1.017088          0.850468
88.4404          1.105438          0.597415
88.5604          1.161945          0.327026
88.6804          1.184965          0.047092
88.8004          1.173820         -0.234319
88.9204          1.128817         -0.509091
89.0404          1.051239         -0.769296
89.1604          0.943312         -1.007424
89.2804          0.808133         -1.216599
89.4004          0.649591         -1.390775
89.5204          0.472247         -1.524914
89.6404          0.281209         -1.615131
89.7604          0.081980         -1.658805
89.8804         -0.119697         -1.654657
90.0004         -0.318007         -1.602788
90.1204         -0.507229         -1.504671
90.2404         -0.681903         -1.363118
90.3604         -0.836984         -1.182193
90.4804         -0.967991         -0.967097
90.6004         -1.071137         -0.724019
90.7204         -1.143435         -0.459958
90.8404         -1.182786         -0.182520
90.9604         -1.188042          0.100299
91.0804         -1.159037          0.380345
91.2004         -1.096593          0.649539
91.3204         -1.002496          0.900114
91.4404         -0.879448          1.124836
91.5604         -0.730985          1.317212
91.6804         -0.561377          1.471680
91.8004         -0.375507          1.583770
91.9204         -0.178729          1.650231
92.0405          0.023286          1.669127
92.1605          0.224715          1.639893
92.2805          0.419748          1.563352
92.4005          0.602758          1.441691
92.5205          0.768461          1.278401
92.6405          0.912072          1.078172
92.7605          1.029439          0.846764
92.8805          1.117166          0.590838
93.0005          1.172711          0.317763
93.1205          1.194458          0.035410
93.2405          1.181766         -0.248084
93.3605          1.134986         -0.524543
93.4805          1.055454         -0.785990
93.6005          0.945448         -1.024880
93.7205          0.808129         -1.234313
93.8405          0.647445         -1.408236
93.9605          0.468022         -1.541619
94.0805          0.275025         -1.630597
94.2005          0.074014         -1.672586
94.3205         -0.129216         -1.666356
94.4405         -0.328804         -1.612064
94.5605         -0.518995         -1.511258
94.6805         -0.694297         -1.366824
94.8005         -0.849650         -1.182910
94.9205         -0.980564         -0.964803
95.0405         -1.083254         -0.718778
95.1605         -1.154746         -0.451921
95.2805         -1.192965         -0.171917
95.4005         -1.196795          0.113163
95.5205         -1.166111          0.395099
95.6405         -1.101783          0.665760
95.7605         -1.005652          0.917334
95.8805         -0.880477          1.142559
96.0005         -0.729857          1.334926
96.1205         -0.558123          1.488876
96.2405         -0.370221          1.599950
96.3605         -0.171563          1.664929
96.4806          0.032127          1.681919
96.6006          0.234977          1.650408
96.7206          0.431135          1.571287
96.8406          0.614942          1.446815
96.9606          0.781092          1.280565
97.0806          0.924785          1.077313
97.2006          1.041867          0.842905
97.3206          1.128951          0.584089
97.4406          1.183513          0.308319
97.5606          1.203965          0.023540
97.6806          1.189703         -0.262038
97.8006          1.141124         -0.540179
97.9206          1.059614         -0.802858
98.0406          0.947510         -1.042494
98.1606          0.808033         -1.252165
98.2806          0.645193         -1.425812
98.4006          0.463677         -1.558411
98.5206          0.268712         -1.646122
98.6406          0.065914         -1.686395
98.7606         -0.138869         -1.678049
98.8806         -0.339734         -1.621304
99.0006         -0.530886         -1.517777
99.1206         -0.706808         -1.370433
99.2406         -0.862419         -1.183504
99.3606         -0.993224         -0.962363
99.4806         -1.095439         -0.713374
99.6006         -1.166104         -0.443706
99.7206         -1.203169         -0.161128
99.8406         -1.205550          0.126216
99.9606         -1.173163          0.410041
*******         -1.106929          0.682160
*******         -1.008742          0.934721
*******         -0.881422          1.160430
*******         -0.728628          1.352768
*******         -0.554756          1.506173
*******         -0.364810          1.616204
*******         -0.164264          1.679670
*******          0.041104          1.694720
*******          0.245374          1.660901
*******          0.442653          1.579167
*******          0.627249          1.451856
*******          0.793833          1.282618
*******          0.937593          1.076319
*******          1.054373          0.838891
*******          1.140794          0.577169
*******          1.194351          0.298691
*******          1.213485          0.011481
*******          1.197630         -0.276181
*******          1.147229         -0.555999
*******          1.063720         -0.819900
*******          0.949498         -1.060266
*******          0.807844         -1.270155
*******          0.642832         -1.443502
*******          0.459211         -1.575290
*******          0.262269         -1.661703
*******          0.057680         -1.700228
*******         -0.148659         -1.689735
*******         -0.350798         -1.630505
*******         -0.542904         -1.524226
*******         -0.719435         -1.373943
*******         -0.875291         -1.183972
*******         -1.005969         -0.959775
*******         -1.107690         -0.707803
*******         -1.177508         -0.435312
*******         -1.213396         -0.150151
*******         -1.214305          0.139460
*******         -1.180193          0.425171
*******         -1.112030          0.698741
*******         -1.011767          0.952275
*******         -0.882282          1.178451
*******         -0.727297          1.370736
*******         -0.551271          1.523571
*******         -0.359273          1.632529
*******         -0.156832          1.694451
*******          0.050217          1.707531
*******          0.255906          1.671371
*******          0.454301          1.586993
*******          0.639677          1.456810
*******          0.806683          1.284558
*******          0.950495          1.075186
*******          1.066955          0.834717
*******          1.152693          0.570073
*******          1.205223          0.288877
*******          1.223017         -0.000769
*******          1.205546         -0.290515
*******          1.153299         -0.572005
*******          1.067769         -0.837116
*******          0.951409         -1.078197
*******          0.807560         -1.288285
*******          0.640361         -1.461306
*******          0.454623         -1.592256
*******          0.255695         -1.677341
*******          0.049309         -1.714086
*******         -0.158586         -1.701413
*******         -0.361995         -1.639665
*******         -0.555050         -1.530603
*******         -0.732179         -1.377352
*******         -0.888266         -1.184313
*******         -1.018801         -0.957037
*******         -1.120009         -0.702064
*******         -1.188958         -0.426736
*******         -1.223647         -0.138985
*******         -1.223060          0.152897
*******         -1.187200          0.440491
*******         -1.117085          0.715503
*******         -1.014724          0.969996
*******         -0.883055          1.196622
*******         -0.725863          1.388832
*******         -0.547670          1.541069
*******         -0.353608          1.648926
*******         -0.149265          1.709272
*******          0.059468          1.720349
*******          0.266575          1.681815
*******          0.466080          1.594761
*******          0.652228          1.461677
*******          0.819645          1.286382
*******          0.963493          1.073913
*******          1.079614          0.830383
*******          1.164649          0.562802
*******          1.216130          0.278877
*******          1.232560         -0.013211
*******          1.213449         -0.305041
*******          1.159334         -0.588197
*******          1.071761         -0.854509
*******          0.953242         -1.096288
*******          0.807180         -1.306553
*******          0.637778         -1.479225
*******          0.449911         -1.609308
*******          0.248989         -1.693034
*******          0.040801         -1.727968
*******         -0.168651         -1.713081
*******         -0.373328         -1.648783
*******         -0.567324         -1.536906
*******         -0.745040         -1.380658
*******         -0.901344         -1.184525
*******         -1.031719         -0.954148
*******         -1.132394         -0.696155
*******         -1.200453         -0.417977
*******         -1.233920         -0.127627
*******         -1.231814          0.166527
*******         -1.194181          0.456002
*******         -1.122093          0.732448
*******         -1.017612          0.987886
*******         -0.883740          1.214942
*******         -0.724323          1.407054
*******         -0.543950          1.558667
*******         -0.347813          1.665392
*******         -0.141563          1.724132
*******          0.068858          1.733173
*******          0.277381          1.692232
*******          0.477992          1.602470
*******          0.664903          1.466454
*******          0.832716          1.288088
*******          0.976585          1.072498
*******          1.092350          0.825887
*******          1.176659          0.555352
*******          1.227069          0.268687
*******          1.242112         -0.025848
*******          1.221338         -0.319762
*******          1.165332         -0.604577
*******          1.075694         -0.872077
*******          0.954994         -1.114539
*******          0.806702         -1.324959
*******          0.635082         -1.497256
*******          0.445073         -1.626445
*******          0.242148         -1.708781
*******          0.032155         -1.741870
*******         -0.178855         -1.724738
*******         -0.384796         -1.657856
*******         -0.579726         -1.543134
*******         -0.758018         -1.383858
*******         -0.914525         -1.184605
*******         -1.044722         -0.951104
*******         -1.144845         -0.690074
*******         -1.211992         -0.409032
*******         -1.244213         -0.116075
*******         -1.240565          0.180353
*******         -1.201137          0.471705
*******         -1.127051          0.749575
*******         -1.020430          1.005945
*******         -0.884334          1.233412
*******         -0.722677          1.425402
*******         -0.540109          1.576365
*******         -0.341888          1.681928
*******         -0.133722          1.739030
*******          0.078387          1.746001
*******          0.288326          1.702620
*******          0.490037          1.610117
*******          0.677701          1.471139
*******          0.845899          1.289675
*******          0.989772          1.070939
*******          1.105161          0.821225
*******          1.188725          0.547722
*******          1.238041          0.258307
*******          1.251673         -0.038680
*******          1.229212         -0.334677
*******          1.171291         -0.621146
*******          1.079565         -0.889822
*******          0.956666         -1.132949
*******          0.806125         -1.343504
*******          0.632271         -1.515401
*******          0.440109         -1.643666
*******          0.235173         -1.724581
*******          0.023369         -1.755794
*******         -0.189199         -1.736382
*******         -0.396401         -1.666884
*******         -0.592257         -1.549284
*******         -0.771115         -1.386952
*******         -0.927809         -1.184552
*******         -1.057811         -0.947904
*******         -1.157361         -0.683819
*******         -1.223574         -0.399901
*******         -1.254527         -0.104329
*******         -1.249312          0.194376
*******         -1.208065          0.487601
*******         -1.131959          0.766887
*******         -1.023176          1.024173
*******         -0.884838          1.252031
*******         -0.720922          1.443877
*******         -0.536147          1.594161
*******         -0.335830          1.698533
*******         -0.125744          1.753963
*******          0.088058          1.758832
*******          0.299410          1.712978
*******          0.502216          1.617702
*******          0.690623          1.475731
*******          0.859193          1.291139
*******          1.003054          1.069233
*******          1.118048          0.816397
*******          1.200845          0.539909
*******          1.249045          0.247733
*******          1.261243         -0.051710
*******          1.237071         -0.349789
*******          1.177211         -0.637905
*******          1.083376         -0.907746
*******          0.958256         -1.151521
*******          0.805447         -1.362189
*******          0.629344         -1.533659
*******          0.435017         -1.660971
*******          0.228061         -1.740434
*******          0.014441         -1.769737
*******         -0.199685         -1.748011
*******         -0.408143         -1.675864
*******         -0.604918         -1.555354
*******         -0.784330         -1.389937
*******         -0.941197         -1.184364
*******         -1.070986         -0.944547
*******         -1.169943         -0.677387
*******         -1.235200         -0.390580
*******         -1.264861         -0.092386
*******         -1.258056          0.208597
*******         -1.214965          0.503691
*******         -1.136817          0.784384
*******         -1.025849          1.042573
*******         -0.885249          1.270803
*******         -0.719059          1.462479
*******         -0.532061          1.612057
*******         -0.329639          1.715207
*******         -0.117625          1.768933
*******          0.097870          1.771666
*******          0.310634          1.723305
*******          0.514529          1.625222
*******          0.703671          1.480227
*******          0.872598          1.292481
*******          1.016431          1.067380
*******          1.131011          0.811401
*******          1.213020          0.531912
*******          1.260080          0.236966
*******          1.270819         -0.064939
*******          1.244912         -0.365099
*******          1.183091         -0.654856
*******          1.087123         -0.925848
*******          0.959761         -1.170254
*******          0.804667         -1.381012
*******          0.626300         -1.552030
*******          0.429795         -1.678360
*******          0.220812         -1.756339
*******          0.005373         -1.783697
*******         -0.210313         -1.759625
*******         -0.420023         -1.684795
*******         -0.617709         -1.561344
*******         -0.797663         -1.392811
*******         -0.954689         -1.184038
*******         -1.084247         -0.941029
*******         -1.182590         -0.670778
*******         -1.246868         -0.381068
*******         -1.275214         -0.080245
*******         -1.266794          0.223018
*******         -1.221836          0.519978
*******         -1.141621          0.802067
*******         -1.028447          1.061142
*******         -0.885566          1.289724
*******         -0.717084          1.481206
*******         -0.527850          1.630051
*******         -0.323313          1.731948
*******         -0.109366          1.783937
*******          0.107826          1.784500
*******          0.322000          1.733598
*******          0.526977          1.632676
*******          0.716843          1.484626
*******          0.886115          1.293696
*******          1.029903          1.065376
*******          1.144049          0.806233
*******          1.225248          0.523729
*******          1.271145          0.226002
*******          1.280402         -0.078369
*******          1.252735         -0.380608
*******          1.188928         -0.671998
*******          1.090805         -0.944130
*******          0.961181         -1.189148
*******          0.803783         -1.399974
*******          0.623136         -1.570514
*******          0.424442         -1.695832
*******          0.213423         -1.772294
*******         -0.003840         -1.797675
*******         -0.221084         -1.771222
*******         -0.432043         -1.693675
*******         -0.630631         -1.567250
*******         -0.811116         -1.395571
*******         -0.968284         -1.183572
*******         -1.097592         -0.937349
*******         -1.195301         -0.663988
*******         -1.258578         -0.371363
*******         -1.285584         -0.067904
*******         -1.275525          0.237641
*******         -1.228675          0.536461
*******         -1.146371          0.819936
*******         -1.030970          1.079884
*******         -0.885787          1.308797
*******         -0.714997          1.500060
*******         -0.523514          1.648142
*******         -0.316852          1.748755
*******         -0.100964          1.798975
*******          0.117926          1.797333
*******          0.333507          1.743855
*******          0.539561          1.640062
*******          0.730141          1.488925
*******          0.899744          1.294784
*******          1.043470          1.063219
*******          1.157162          0.800893
*******          1.237530          0.515358
*******          1.282240          0.214840
*******          1.289990         -0.092001
*******          1.260540         -0.396318
*******          1.194722         -0.689334
*******          1.094421         -0.962592
*******          0.962515         -1.208205
*******          0.802794         -1.419076
*******          0.619852         -1.589110
*******          0.418957         -1.713385
*******          0.205894         -1.788298
*******         -0.013196         -1.811669
*******         -0.231999         -1.782800
*******         -0.444203         -1.702502
*******         -0.643685         -1.573071
*******         -0.824688         -1.398217
*******         -0.981983         -1.182965
*******         -1.111023         -0.933504
*******         -1.208076         -0.657017
*******         -1.270329         -0.361464
*******         -1.295971         -0.055361
*******         -1.284249          0.252467
*******         -1.235483          0.553143
*******         -1.151065          0.837994
*******         -1.033415          1.098797
*******         -0.885911          1.328020
*******         -0.712795          1.519040
*******         -0.519049          1.666331
*******         -0.310252          1.765627
*******         -0.092419          1.814044
*******          0.128171          1.810163
*******          0.345158          1.754076
*******          0.552282          1.647377
*******          0.743565          1.493123
*******          0.913485          1.295742
*******          1.057131          1.060907
*******          1.170350          0.795377
*******          1.249863          0.506797
*******          1.293364          0.203478
*******          1.299582         -0.105837
*******          1.268323         -0.412230
*******          1.200472         -0.706863
*******          1.097970         -0.981235
*******          0.963760         -1.227423
*******          0.801697         -1.438316
*******          0.616446         -1.607817
*******          0.413338         -1.731019
*******          0.198223         -1.804351
*******         -0.022699         -1.825676
*******         -0.243059         -1.794356
*******         -0.456503         -1.711275
*******         -0.656871         -1.578804
*******         -0.838379         -1.400745
*******         -0.995785         -1.182213
*******         -1.124539         -0.929493
*******         -1.220915         -0.649860
*******         -1.282120         -0.351368
*******         -1.306374         -0.042615
*******         -1.292963          0.267496
*******         -1.242257          0.570024
*******         -1.155702          0.856240
*******         -1.035781          1.117882
*******         -0.885936          1.347395
*******         -0.710478          1.538146
*******         -0.514456          1.684616
*******         -0.303513          1.782564
*******         -0.083729          1.829143
*******          0.138563          1.822990
*******          0.356953          1.764258
*******          0.565140          1.654620
*******          0.757116          1.497217
*******          0.927338          1.296567
*******          1.070887          1.058439
*******          1.183612          0.789685
*******          1.262249          0.498043
*******          1.304515          0.191914
*******          1.309177         -0.119878
*******          1.276084         -0.428345
*******          1.206175         -0.724588
*******          1.101450         -1.000059
*******          0.964915         -1.246804
*******          0.800493         -1.457696
*******          0.612916         -1.626636
*******          0.407584         -1.748735
*******          0.190409         -1.820451
*******         -0.032348         -1.839696
*******         -0.254266         -1.805892
*******         -0.468945         -1.719991
*******         -0.670189         -1.584449
*******         -0.852191         -1.403154
*******         -1.009691         -1.181315
*******         -1.138139         -0.925314
*******         -1.233817         -0.642518
*******         -1.293951         -0.341073
*******         -1.316793         -0.029664
*******         -1.301668          0.282732
*******         -1.248996          0.587106
*******         -1.160281          0.874676
*******         -1.038066          1.137141
*******         -0.885861          1.366922
*******         -0.708044          1.557377
*******         -0.509731          1.702997
*******         -0.296634          1.799564
*******         -0.074893          1.844272
*******          0.149103          1.835810
*******          0.368892          1.774400
*******          0.578135          1.661789
*******          0.770794          1.501204
*******          0.941303          1.297257
*******          1.084737          1.055811
*******          1.196948          0.783813
*******          1.274685          0.489095
*******          1.315694          0.180147
*******          1.318774         -0.134127
*******          1.283823         -0.444665
*******          1.211831         -0.742509
*******          1.104859         -1.019066
*******          0.965978         -1.266349
*******          0.799179         -1.477214
*******          0.609261         -1.645565
*******          0.401692         -1.766529
*******          0.182451         -1.836597
*******         -0.042145         -1.853727
*******         -0.265620         -1.817402
*******         -0.481529         -1.728648
*******         -0.683641         -1.590001
*******         -0.866122         -1.405440
*******         -1.023702         -1.180269
*******         -1.151824         -0.920963
*******         -1.246781         -0.634987
*******         -1.305821         -0.330577
*******         -1.327225         -0.016505
*******         -1.310362          0.298176
*******         -1.255700          0.604389
*******         -1.164800          0.893302
*******         -1.040269          1.156573
*******         -0.885684          1.386599
*******         -0.705491          1.576733
*******         -0.504875          1.721474
*******         -0.289613          1.816628
*******         -0.065909          1.859430
*******          0.159791          1.848624
*******          0.380978          1.784499
*******          0.591270          1.668882
*******          0.784599          1.505085
*******          0.955381          1.297812
*******          1.098682          1.053022
*******          1.210357          0.777760
*******          1.287173          0.479951
*******          1.326898          0.168174
*******          1.328373         -0.148584
*******          1.291537         -0.461190
*******          1.217438         -0.760628
*******          1.108196         -1.038255
*******          0.966948         -1.286056
*******          0.797753         -1.496872
*******          0.605480         -1.664606
*******          0.395663         -1.784403
*******          0.174347         -1.852789
*******         -0.052091         -1.867768
*******         -0.277122         -1.828887
*******         -0.494256         -1.737244
*******         -0.697227         -1.595461
*******         -0.880175         -1.407604
*******         -1.037816         -1.179072
*******         -1.165593         -0.916439
*******         -1.259807         -0.627265
*******         -1.317729         -0.319879
*******         -1.337671         -0.003137
*******         -1.319043          0.313828
*******         -1.262366          0.621876
*******         -1.169258          0.912119
*******         -1.042389          1.176179
*******         -0.885404          1.406429
*******         -0.702817          1.596215
*******         -0.499884          1.740045
*******         -0.282449          1.833753
*******         -0.056776          1.874614
*******          0.170629          1.861429
*******          0.393210          1.794554
*******          0.604544          1.675896
*******          0.798532          1.508854
*******          0.969572          1.298227
*******          1.112721          1.050069
*******          1.223840          0.771523
*******          1.299710          0.470608
*******          1.338128          0.155994
*******          1.337970         -0.163252
*******          1.299225         -0.477924
*******          1.222994         -0.778945
*******          1.111460         -1.057629
*******          0.967823         -1.305928
*******          0.796214         -1.516668
*******          0.601569         -1.683756
*******          0.389493         -1.802355
*******          0.166095         -1.869024
*******         -0.062188         -1.881818
*******         -0.288774         -1.840345
*******         -0.507127         -1.745779
*******         -0.710946         -1.600824
*******         -0.894348         -1.409640
*******         -1.052034         -1.177722
*******         -1.179445         -0.911740
*******         -1.272895         -0.619350
*******         -1.329674         -0.308976
*******         -1.348129          0.010441
*******         -1.327711          0.329691
*******         -1.268993          0.639567
*******         -1.173652          0.931129
*******         -1.044423          1.195960
*******         -0.885018          1.426411
*******         -0.700022          1.615821
*******         -0.494759          1.758711
*******         -0.275140          1.850939
*******         -0.047494          1.889825
*******          0.181619          1.874224
*******          0.405589          1.804564
*******          0.617957          1.682830
*******          0.812593          1.512512
*******          0.983875          1.298501
*******          1.126855          1.046951
*******          1.237396          0.765100
*******          1.312297          0.461065
*******          1.349383          0.143605
*******          1.347567         -0.178132
*******          1.306888         -0.494866
*******          1.228500         -0.797462
*******          1.114648         -1.077186
*******          0.968602         -1.325963
*******          0.794560         -1.536603
*******          0.597530         -1.703016
*******          0.383183         -1.820384
*******          0.157695         -1.885302
*******         -0.072437         -1.895874
*******         -0.300576         -1.851774
*******         -0.520143         -1.754249
*******         -0.724801         -1.606090
*******         -0.908642         -1.411549
*******         -1.066356         -1.176217
*******         -1.193382         -0.906863
*******         -1.286044         -0.611241
*******         -1.341656         -0.297867
*******         -1.358597          0.024231
*******         -1.336364          0.345765
*******         -1.275580          0.657463
*******         -1.177983          0.950332
*******         -1.046371          1.215916
*******         -0.884526          1.446544
*******         -0.697103          1.635552
*******         -0.489496          1.777470
*******         -0.267685          1.868184
*******         -0.038060          1.905059
*******          0.192760          1.887007
*******          0.418117          1.814525
*******          0.631512          1.689682
*******          0.826783          1.516055
*******          0.998292          1.298632
*******          1.141082          1.043664
*******          1.251024          0.758490
*******          1.324932          0.451320
*******          1.360660          0.131004
*******          1.357162         -0.193225
*******          1.314521         -0.512018
*******          1.233951         -0.816179
*******          1.117760         -1.096929
*******          0.969284         -1.346162
*******          0.792790         -1.556677
*******          0.593358         -1.722386
*******          0.376729         -1.838490
*******          0.149144         -1.901621
*******         -0.082838         -1.909936
*******         -0.312529         -1.863172
*******         -0.533304         -1.762653
*******         -0.738791         -1.611257
*******         -0.923058         -1.413328
*******         -1.080782         -1.174555
*******         -1.207402         -0.901806
*******         -1.299254         -0.602935
*******         -1.353674         -0.286549
*******         -1.369076          0.038235
*******         -1.345001          0.362053
*******         -1.282126          0.675566
*******         -1.182247          0.969728
*******         -1.048230          1.236047
*******         -0.883925          1.466830
*******         -0.694058          1.655407
*******         -0.484095          1.796321
*******         -0.260082          1.885489
*******         -0.028473          1.920316
*******          0.204055          1.899776
*******          0.430795          1.824437
*******          0.645207          1.696449
*******          0.841102          1.519481
*******          1.012822          1.298617
*******          1.155404          1.040207
*******          1.264724          0.751688
*******          1.337615          0.441369
*******          1.371961          0.118190
*******          1.366753         -0.208534
*******          1.322125         -0.529382
*******          1.239349         -0.835097
*******          1.120794         -1.116858
*******          0.969865         -1.366526
*******          0.790902         -1.576889
*******          0.589054         -1.741863
*******          0.370132         -1.856672
*******          0.140443         -1.917981
*******         -0.093394         -1.924002
*******         -0.324635         -1.874537
*******         -0.546612         -1.770988
*******         -0.752917         -1.616321
*******         -0.937596         -1.414973
*******         -1.095312         -1.172732
*******         -1.221505         -0.896568
*******         -1.312523         -0.594429
*******         -1.365727         -0.275020
*******         -1.379564          0.052455
*******         -1.353621          0.378556
*******         -1.288628          0.693877
*******         -1.186444          0.989319
*******         -1.049999          1.256354
*******         -0.883215          1.487268
*******         -0.690888          1.675386
*******         -0.478554          1.815265
*******         -0.252330          1.902851
*******         -0.018732          1.935595
*******          0.215504          1.912529
*******          0.443623          1.834297
*******          0.659045          1.703130
*******          0.855550          1.522789
*******          1.027465          1.298455
*******          1.169819          1.036578
*******          1.278496          0.744695
*******          1.350346          0.431213
*******          1.383283          0.105162
*******          1.376339         -0.224060
*******          1.329699         -0.546958
*******          1.244690         -0.854218
*******          1.123748         -1.136972
*******          0.970346         -1.387055
*******          0.788895         -1.597240
*******          0.584615         -1.761450
*******          0.363388         -1.874928
*******          0.131588         -1.934380
*******         -0.104105         -1.938070
*******         -0.336895         -1.885867
*******         -0.560066         -1.779254
*******         -0.767180         -1.621281
*******         -0.952255         -1.416484
*******         -1.109946         -1.170749
*******         -1.235691         -0.891145
*******         -1.325852         -0.585723
*******         -1.377814         -0.263279
*******         -1.390061          0.066893
*******         -1.362223          0.395276
*******         -1.295087          0.712397
*******         -1.190572          1.009106
*******         -1.051677          1.276838
*******         -0.882393          1.507858
*******         -0.687588          1.695489
*******         -0.472872          1.834301
*******         -0.244427          1.920270
*******         -0.008836          1.950894
*******          0.227108          1.925267
*******          0.456603          1.844104
*******          0.673025          1.709722
*******          0.870129          1.525975
*******          1.042221          1.298142
*******          1.184328          1.032773
*******          1.292339          0.737507
*******          1.363124          0.420847
*******          1.394626          0.091916
*******          1.385920         -0.239804
*******          1.337240         -0.564749
*******          1.249974         -0.873543
*******          1.126621         -1.157274
*******          0.970724         -1.407749
*******          0.786766         -1.617730
*******          0.580039         -1.781144
*******          0.356497         -1.893258
*******          0.122579         -1.950818
*******         -0.114972         -1.952140
*******         -0.349308         -1.897162
*******         -0.573669         -1.787447
*******         -0.781580         -1.626135
*******         -0.967037         -1.417857
*******         -1.124683         -1.168600
*******         -1.249960         -0.885536
*******         -1.339241         -0.576812
*******         -1.389935         -0.251324
*******         -1.400564          0.081551
*******         -1.370806          0.412213
*******         -1.301500          0.731127
*******         -1.194630          1.029090
*******         -1.053262          1.297499
*******         -0.881457          1.528601
*******         -0.684159          1.715716
*******         -0.467046          1.853428
*******         -0.236372          1.937744
*******          0.001216          1.966212
*******          0.238869          1.937986
*******          0.469734          1.853855
*******          0.687149          1.716224
*******          0.884838          1.529039
*******          1.057091          1.297677
*******          1.198931          1.028792
*******          1.306253          0.730123
*******          1.375948          0.410271
*******          1.405989          0.078452
*******          1.395494         -0.255769
*******          1.344749         -0.582755
*******          1.255199         -0.893072
*******          1.129411         -1.177764
*******          0.970998         -1.428609
*******          0.784514         -1.638358
*******          0.575326         -1.800946
*******          0.349458         -1.911662
*******          0.113415         -1.967292
*******         -0.125998         -1.966209
*******         -0.361878         -1.908419
*******         -0.587421         -1.795566
*******         -0.796117         -1.630881
*******         -0.981942         -1.419091
*******         -1.139525         -1.166286
*******         -1.264311         -0.879737
*******         -1.352687         -0.567697
*******         -1.402088         -0.239152
*******         -1.411074          0.096429
*******         -1.379367          0.429370
*******         -1.307866          0.750069
*******         -1.198616          1.049270
*******         -1.054752          1.318337
*******         -0.880407          1.549496
*******         -0.680598          1.736065
*******         -0.461076          1.872644
*******         -0.228164          1.955274
*******          0.011426          1.981547
*******          0.250789          1.950684
*******          0.483019          1.863549
*******          0.701417          1.722633
*******          0.899678          1.531976
*******          1.072075          1.297057
*******          1.213627          1.024631
*******          1.320237          0.722539
*******          1.388816          0.399482
*******          1.417371          0.064767
*******          1.405060         -0.271956
*******          1.352222         -0.600978
*******          1.260363         -0.912807
*******          1.132117         -1.198442
*******          0.971165         -1.449634
*******          0.782138         -1.659124
*******          0.570473         -1.820853
*******          0.342267         -1.930137
*******          0.104094         -1.983801
*******         -0.137182         -1.980275
*******         -0.374603         -1.919636
*******         -0.601321         -1.803608
*******         -0.810793         -1.635515
*******         -0.996969         -1.420183
*******         -1.154471         -1.163802
*******         -1.278744         -0.873748
*******         -1.366191         -0.558373
*******         -1.414273         -0.226761
*******         -1.421587          0.111530
*******         -1.387906          0.446748
*******         -1.314183          0.769223
*******         -1.202528          1.069649
*******         -1.056145          1.339353
*******         -0.879240          1.570543
*******         -0.676904          1.756537
*******         -0.454960          1.891950
*******         -0.219801          1.972855
*******          0.021796          1.996898
*******          0.262866          1.963360
*******          0.496457          1.873184
*******          0.715829          1.728947
*******          0.914648          1.534786
*******          1.087173          1.296279
*******          1.228416          1.020288
*******          1.334291          0.714754
*******          1.401729          0.388478
*******          1.428770          0.050860
*******          1.414616         -0.288366
*******          1.359659         -0.619420
*******          1.265465         -0.932748
*******          1.134736         -1.219308
*******          0.971225         -1.470824
*******          0.779635         -1.680028
*******          0.565480         -1.840867
*******          0.334925         -1.948683
*******          0.094614         -2.000344
*******         -0.148527         -1.994337
*******         -0.387487         -1.930810
*******         -0.615372         -1.811571
*******         -0.825607         -1.640037
*******         -1.012119         -1.421130
*******         -1.169520         -1.161146
*******         -1.293259         -0.867565
*******         -1.379752         -0.548839
*******         -1.426489         -0.214150
*******         -1.432105          0.126857
*******         -1.396422          0.464348
*******         -1.320451          0.788591
*******         -1.206365          1.090226
*******         -1.057440          1.360547
*******         -0.877955          1.591743
*******         -0.673074          1.777131
*******         -0.448695          1.911344
*******         -0.211281          1.990490
*******          0.032326          2.012264
*******          0.275104          1.976012
*******          0.510051          1.882757
*******          0.730386          1.735163
*******          0.929750          1.537465
*******          1.102384          1.295343
*******          1.243298          1.015760
*******          1.348414          0.706765
*******          1.414686          0.377256
*******          1.440187          0.036729
*******          1.424162         -0.305002
*******          1.367058         -0.638081
*******          1.270504         -0.952897
*******          1.137267         -1.240365
*******          0.971175         -1.492182
*******          0.777004         -1.701070
*******          0.560343         -1.860987
*******          0.327429         -1.967300
*******          0.084975         -2.016921
*******         -0.160033         -2.008394
*******         -0.400529         -1.941941
*******         -0.629574         -1.819455
*******         -0.840560         -1.644443
*******         -1.027392         -1.421932
*******         -1.184673         -1.158317
*******         -1.307855         -0.861186
*******         -1.393369         -0.539092
*******         -1.438734         -0.201316
*******         -1.442626          0.142410
*******         -1.404913          0.482173
*******         -1.326666          0.808173
*******         -1.210126          1.111004
*******         -1.058635          1.381920
*******         -0.876550          1.613096
*******         -0.669108          1.797847
*******         -0.442281          1.930826
*******         -0.202604          2.008176
*******          0.043019          2.027642
*******          0.287504          1.988639
*******          0.523800          1.892267
*******          0.745090          1.741280
*******          0.944984          1.540012
*******          1.117710          1.294244
*******          1.258273          1.011046
*******          1.362606          0.698570
*******          1.427686          0.365816
*******          1.451619          0.022370
*******          1.433696         -0.321865
*******          1.374418         -0.656963
*******          1.275477         -0.973255
*******          1.139709         -1.261611
*******          0.971014         -1.513705
*******          0.774244         -1.722249
*******          0.555062         -1.881211
*******          0.319779         -1.985985
*******          0.075174         -2.033528
*******         -0.171702         -2.022443
*******         -0.413730         -1.953026
*******         -0.643928         -1.827255
*******         -0.855652         -1.648731
*******         -1.042789         -1.422583
*******         -1.199930         -1.155312
*******         -1.322531         -0.854609
*******         -1.407042         -0.529132
*******         -1.451009         -0.188257
*******         -1.453147          0.158191
*******         -1.413378          0.500223
*******         -1.332829          0.827972
*******         -1.213807          1.131981
*******         -1.059729          1.403472
*******         -0.875023          1.634600
*******         -0.665003          1.818684
*******         -0.435716          1.950395
*******         -0.193766          2.025911
*******          0.053874          2.043032
*******          0.300065          2.001238
*******          0.537706          1.901711
*******          0.759940          1.747296
*******          0.960350          1.542423
*******          1.133149          1.292981
*******          1.273340          1.006143
*******          1.376867          0.690167
*******          1.440728          0.354153
*******          1.463066          0.007784
*******          1.443218         -0.338956
*******          1.381739         -0.676067
*******          1.280384         -0.993822
*******          1.142060         -1.283049
*******          0.970741         -1.535394
*******          0.771353         -1.743565
*******          0.549634         -1.901540
*******          0.311971         -2.004740
*******          0.065211         -2.050166
*******         -0.183535         -2.036484
*******         -0.427092         -1.964064
*******         -0.658435         -1.834970
*******         -0.870885         -1.652900
*******         -1.058309         -1.423084
*******         -1.215290         -1.152128
*******         -1.337288         -0.847831
*******         -1.420770         -0.518954
*******         -1.463312         -0.174971
*******         -1.463670          0.174203
*******         -1.421815          0.518500
*******         -1.338937          0.847989
*******         -1.217409          1.153160
*******         -1.060720          1.425203
*******         -0.873373          1.656258
*******         -0.660759          1.839643
*******         -0.428999          1.970050
*******         -0.184768          2.043696
*******          0.064894          2.058432
*******          0.312790          2.013808
*******          0.551770          1.911088
*******          0.774937          1.753207
*******          0.975849          1.544698
*******          1.148702          1.291551
*******          1.288499          1.001049
*******          1.391195          0.681553
*******          1.453812          0.342267
*******          1.474527         -0.007033
*******          1.452725         -0.356278
*******          1.389017         -0.695395
*******          1.285222         -1.014599
*******          1.144318         -1.304677
*******          0.970352         -1.557251
*******          0.768328         -1.765019
*******          0.544059         -1.921972
*******          0.304006         -2.023561
*******          0.055083         -2.066832
*******         -0.195533         -2.050514
*******         -0.440616         -1.975053
*******         -0.673094         -1.842598
*******         -0.886259         -1.656947
*******         -1.073953         -1.423431
*******         -1.230754         -1.148764
*******         -1.352126         -0.840851
*******         -1.434553         -0.508557
*******         -1.475642         -0.161457
*******         -1.474191          0.190446
*******         -1.430223          0.537005
*******         -1.344989          0.868223
*******         -1.220930          1.174541
*******         -1.061605          1.447114
*******         -0.871597          1.678067
*******         -0.656372          1.860722
*******         -0.422126          1.989790
*******         -0.175607          2.061527
*******          0.076080          2.073839
*******          0.325679          2.026346
*******          0.565991          1.920394
*******          0.790082          1.759012
*******          0.991480          1.546832
*******          1.164369          1.289951
*******          1.303750          0.995760
*******          1.405590          0.672727
*******          1.466935          0.330156
*******          1.486000         -0.022082
*******          1.462216         -0.373831
*******          1.396251         -0.714947
*******          1.289990         -1.035588
*******          1.146481         -1.326497
*******          0.969847         -1.579273
*******          0.765168         -1.786609
*******          0.538335         -1.942506
*******          0.295880         -2.042446
*******          0.044790         -2.083525
*******         -0.207698         -2.064531
*******         -0.454302         -1.985988
*******         -0.687908         -1.850136
*******         -0.901773         -1.660868
*******         -1.089721         -1.423620
*******         -1.246320         -1.145216
*******         -1.367042         -0.833665
*******         -1.448389         -0.497940
*******         -1.487998         -0.147712
*******         -1.484710          0.206923
*******         -1.438601          0.555740
*******         -1.350983          0.888676
*******         -1.224366          1.196124
*******         -1.062384          1.469205
*******         -0.869695          1.700028
*******         -0.651842          1.881920
*******         -0.415098          2.009614
*******         -0.166283          2.079404
*******          0.087433          2.089253
*******          0.338734          2.038852
*******          0.580372          1.929628
*******          0.805374          1.764708
*******          1.007244          1.548824
*******          1.180150          1.288180
*******          1.319093          0.990275
*******          1.420052          0.663685
*******          1.480098          0.317816
*******          1.497484         -0.037365
*******          1.471690         -0.391617
*******          1.403440         -0.734725
*******          1.294687         -1.056788
*******          1.148548         -1.348509
*******          0.969224         -1.601462
*******          0.761871         -1.808335
*******          0.532459         -1.963142
*******          0.287593         -2.061398
*******          0.034330         -2.100244
*******         -0.220030         -2.078534
*******         -0.468151         -1.996871
*******         -0.702876         -1.857582
*******         -0.917428         -1.664662
*******         -1.105613         -1.423652
*******         -1.261990         -1.141481
*******         -1.382038         -0.826271
*******         -1.462278         -0.487098
*******         -1.500379         -0.133734
*******         -1.495225          0.223636
*******         -1.446947          0.574706
*******         -1.356918          0.909351
*******         -1.227717          1.217910
*******         -1.063054          1.491475
*******         -0.867663          1.722142
*******         -0.647166          1.903238
*******         -0.407912          2.029521
*******         -0.156793          2.097326
*******          0.098955          2.104671
*******          0.351956          2.051322
*******          0.594914          1.938789
*******          0.820816          1.770293
*******          1.023142          1.550671
*******          1.196045          1.286234
*******          1.334527          0.984591
*******          1.434579          0.654425
*******          1.493300          0.305246
*******          1.508979         -0.052884
*******          1.481145         -0.409639
*******          1.410583         -0.754732
*******          1.299310         -1.078202
*******          1.150517         -1.370714
*******          0.968481         -1.623818
*******          0.758436         -1.830197
*******          0.526430         -1.983880
*******          0.279143         -2.080413
*******          0.023702         -2.116986
*******         -0.232531         -2.092521
*******         -0.482165         -2.007697
*******         -0.718000         -1.864934
*******         -0.933226         -1.668327
*******         -1.121629         -1.423521
*******         -1.277763         -1.137558
*******         -1.397112         -0.818667
*******         -1.476219         -0.476031
*******         -1.512784         -0.119521
*******         -1.505736          0.240586
*******         -1.455260          0.593906
*******         -1.362792          0.930247
*******         -1.230982          1.239901
*******         -1.063614          1.513927
*******         -0.865501          1.744407
*******         -0.642344          1.924675
*******         -0.400567          2.049510
*******         -0.147135          2.115291
*******          0.110646          2.120094
*******          0.365346          2.063754
*******          0.609616          1.947872
*******          0.836408          1.775765
*******          1.039173          1.552371
*******          1.212054          1.284112
*******          1.350052          0.978706
*******          1.449172          0.644946
*******          1.506540          0.292444
*******          1.520483         -0.068641
*******          1.490581         -0.427898
*******          1.417678         -0.774967
*******          1.303858         -1.099831
*******          1.152386         -1.393113
*******          0.967616         -1.646341
*******          0.754861         -1.852195
*******          0.520246         -2.004719
*******          0.270529         -2.099490
*******          0.012904         -2.133751
*******         -0.245202         -2.106490
*******         -0.496345         -2.018465
*******         -0.733279         -1.872190
*******         -0.949166         -1.671859
*******         -1.137769         -1.423227
*******         -1.293638         -1.133444
*******         -1.412265         -0.810850
*******         -1.490211         -0.464735
*******         -1.525212         -0.105071
*******         -1.516241          0.257775
*******         -1.463537          0.613340
*******         -1.368603          0.951366
*******         -1.234157          1.262097
*******         -1.064062          1.536560
*******         -0.863207          1.766824
*******         -0.637372          1.946229
*******         -0.393060          2.069581
*******         -0.137309          2.133298
*******          0.122509          2.135517
*******          0.378904          2.076148
*******          0.624480          1.956878
*******          0.852149          1.781120
*******          1.055338          1.553921
*******          1.228177          1.281810
*******          1.365667          0.972617
*******          1.463830          0.635244
*******          1.519817          0.279407
*******          1.531995         -0.084638
*******          1.499996         -0.446395
*******          1.424723         -0.795431
*******          1.308329         -1.121674
*******          1.154154         -1.415705
*******          0.966627         -1.669031
*******          0.751144         -1.874329
*******          0.513907         -2.025657
*******          0.261748         -2.118629
*******          0.001934         -2.150538
*******         -0.258045         -2.120439
*******         -0.510691         -2.029173
*******         -0.748716         -1.879347
*******         -0.965248         -1.675258
*******         -1.154034         -1.422767
*******         -1.309616         -1.129137
*******         -1.427495         -0.802819
*******         -1.504254         -0.453209
*******         -1.537663         -0.090382
*******         -1.526739          0.275205
*******         -1.471779          0.633009
*******         -1.374350          0.972709
*******         -1.237243          1.284498
*******         -1.064395          1.559374
*******         -0.860778          1.789393
*******         -0.632250          1.967902
*******         -0.385391          2.089732
*******         -0.127313          2.151346
*******          0.134545          2.150940
*******          0.392633          2.088500
*******          0.639507          1.965802
*******          0.868041          1.786358
*******          1.071638          1.555319
*******          1.244413          1.279327
*******          1.381373          0.966322
*******          1.478552          0.625317
*******          1.533129          0.266133
*******          1.543514         -0.100877
*******          1.509388         -0.465133
*******          1.431717         -0.816128
*******          1.312722         -1.143734
*******          1.155818         -1.438492
