 #   t              x           dx/dt
 0.0000          1.000000          0.000000
 0.0500          1.000000         -0.125704
 0.1000          0.990572         -0.223704
 0.1500          0.976937         -0.320318
 0.2000          0.958506         -0.415389
 0.2500          0.935360         -0.508420
 0.3000          0.907613         -0.598951
 0.3500          0.875402         -0.686537
 0.4000          0.838885         -0.770748
 0.4500          0.798243         -0.851170
 0.5000          0.753674         -0.927406
 0.5500          0.705398         -0.999082
 0.6000          0.653652         -1.065846
 0.6500          0.598690         -1.127368
 0.7000          0.540784         -1.183347
 0.7500          0.480217         -1.233506
 0.8000          0.417288         -1.277599
 0.8500          0.352305         -1.315410
 0.9000          0.285590         -1.346752
 0.9500          0.217468         -1.371471
 1.0000          0.148277         -1.389445
 1.0500          0.078355         -1.400585
 1.1000          0.008048         -1.404838
 1.1500         -0.062301         -1.402182
 1.2000         -0.132343         -1.392629
 1.2500         -0.201736         -1.376227
 1.3000         -0.270137         -1.353057
 1.3500         -0.337211         -1.323232
 1.4000         -0.402627         -1.286898
 1.4500         -0.466063         -1.244236
 1.5000         -0.527209         -1.195453
 1.5500         -0.585762         -1.140790
 1.6000         -0.641435         -1.080517
 1.6500         -0.693954         -1.014928
 1.7000         -0.743060         -0.944347
 1.7500         -0.788513         -0.869121
 1.8000         -0.830089         -0.789620
 1.8500         -0.867582         -0.706234
 1.9000         -0.900809         -0.619373
 1.9500         -0.929606         -0.529466
 2.0000         -0.953832         -0.436954
 2.0500         -0.973367         -0.342291
 2.1000         -0.988115         -0.245944
 2.1500         -0.998003         -0.148386
 2.2000         -1.002984         -0.050097
 2.2500         -1.003031          0.048439
 2.3000         -0.998146          0.146739
 2.3500         -0.988351          0.244318
 2.4000         -0.973696          0.340696
 2.4500         -0.954252          0.435400
 2.5000         -0.930114          0.527964
 2.5500         -0.901402          0.617933
 2.6000         -0.868256          0.704863
 2.6500         -0.830840          0.788328
 2.7000         -0.789337          0.867917
 2.7500         -0.743951          0.943238
 2.8000         -0.694906          1.013921
 2.8500         -0.642443          1.079619
 2.9000         -0.586820          1.140008
 2.9500         -0.528309          1.194790
 3.0000         -0.467200          1.243698
 3.0500         -0.403793          1.286489
 3.1000         -0.338399          1.322954
 3.1500         -0.271339          1.352912
 3.2000         -0.202945          1.376218
 3.2500         -0.133551          1.392755
 3.3000         -0.063500          1.402443
 3.3500          0.006864          1.405233
 3.4000          0.077196          1.401113
 3.4500          0.147148          1.390101
 3.5000          0.216378          1.372253
 3.5500          0.284545          1.347656
 3.6000          0.351312          1.316430
 3.6500          0.416353          1.278730
 3.7000          0.479347          1.234740
 3.7500          0.539985          1.184677
 3.8000          0.597967          1.128788
 3.8500          0.653009          1.067346
 3.9000          0.704840          1.000654
 3.9500          0.753206          0.929040
 4.0000          0.797867          0.852856
 4.0500          0.838605          0.772476
 4.1000          0.875220          0.688297
 4.1500          0.907530          0.600731
 4.2000          0.935378          0.510210
 4.2500          0.958625          0.417178
 4.3000          0.977158          0.322094
 4.3500          0.990886          0.225424
 4.4000          0.999740          0.127645
 4.4500          1.003678          0.029236
 4.5000          1.002680         -0.069317
 4.5500          0.996750         -0.167531
 4.6000          0.985918         -0.264922
 4.6500          0.970237         -0.361011
 4.7000          0.949784         -0.455326
 4.7500          0.924660         -0.547402
 4.8000          0.894988         -0.636788
 4.8500          0.860914         -0.723043
 4.9000          0.822606         -0.805743
 4.9500          0.780251         -0.884481
 5.0000          0.734058         -0.958870
 5.0500          0.684255         -1.028545
 5.1000          0.631086         -1.093161
 5.1500          0.574813         -1.152402
 5.2000          0.515711         -1.205977
 5.2500          0.454073         -1.253620
 5.3000          0.390201         -1.295099
 5.3500          0.324409         -1.330209
 5.4000          0.257021         -1.358778
 5.4500          0.188368         -1.380664
 5.5000          0.118788         -1.395760
 5.5500          0.048622         -1.403991
 5.6000         -0.021783         -1.405318
 5.6500         -0.092082         -1.399734
 5.7000         -0.161929         -1.387265
 5.7500         -0.230981         -1.367973
 5.8000         -0.298897         -1.341954
 5.8500         -0.365344         -1.309334
 5.9000         -0.429996         -1.270274
 5.9500         -0.492533         -1.224967
 6.0000         -0.552648         -1.173634
 6.0500         -0.610047         -1.116529
 6.1000         -0.664446         -1.053932
 6.1500         -0.715577         -0.986151
 6.2000         -0.763190         -0.913519
 6.2500         -0.807050         -0.836393
 6.3000         -0.846942         -0.755153
 6.3500         -0.882669         -0.670198
 6.4000         -0.914055         -0.581946
 6.4500         -0.940946         -0.490831
 6.5000         -0.963209         -0.397300
 6.5500         -0.980736         -0.301815
 6.6000         -0.993440         -0.204844
 6.6500         -1.001258         -0.106864
 6.7000         -1.004151         -0.008358
 6.7500         -1.002106          0.090191
 6.8000         -0.995133          0.188297
 6.8500         -0.983266          0.285478
 6.9000         -0.966562          0.381257
 6.9500         -0.945105          0.475161
 7.0000         -0.918999          0.566730
 7.0500         -0.888373          0.655513
 7.1000         -0.853378          0.741073
 7.1500         -0.814186          0.822989
 7.2000         -0.770988          0.900859
 7.2500         -0.723999          0.974299
 7.3000         -0.673448          1.042949
 7.3500         -0.619584          1.106470
 7.4000         -0.562672          1.164549
 7.4500         -0.502993          1.216903
 7.5000         -0.440839          1.263272
 7.5500         -0.376516          1.303429
 7.6000         -0.310341          1.337175
 7.6500         -0.242638          1.364346
 7.7000         -0.173742          1.384807
 7.7500         -0.103990          1.398458
 7.8000         -0.033726          1.405231
 7.8500          0.036705          1.405093
 7.9000          0.106956          1.398045
 7.9500          0.176682          1.384121
 8.0000          0.245540          1.363390
 8.0500          0.313192          1.335953
 8.1000          0.379303          1.301945
 8.1500          0.443550          1.261534
 8.2000          0.505617          1.214918
 8.2500          0.565197          1.162326
 8.3000          0.621999          1.104017
 8.3500          0.675742          1.040278
 8.4000          0.726162          0.971422
 8.4500          0.773012          0.897788
 8.5000          0.816061          0.819737
 8.5500          0.855096          0.737653
 8.6000          0.889927          0.651941
 8.6500          0.920381          0.563022
 8.7000          0.946309          0.471332
 8.7500          0.967583          0.377323
 8.8000          0.984099          0.281458
 8.8500          0.995776          0.184207
 8.9000          1.002555          0.086049
 8.9500          1.004403         -0.012534
 9.0000          1.001312         -0.111056
 9.0500          0.993296         -0.209033
 9.1000          0.980395         -0.305983
 9.1500          0.962672         -0.401430
 9.2000          0.940214         -0.494903
 9.2500          0.913132         -0.585944
 9.3000          0.881559         -0.674104
 9.3500          0.845650         -0.758950
 9.4000          0.805581         -0.840064
 9.4500          0.761550         -0.917047
 9.5000          0.713773         -0.989522
 9.5500          0.662486         -1.057130
 9.6000          0.607939         -1.119541
 9.6500          0.550401         -1.176446
 9.7000          0.490157         -1.227566
 9.7500          0.427500         -1.272650
 9.8000          0.362741         -1.311474
 9.8500          0.296196         -1.343850
 9.9000          0.228194         -1.369616
 9.9500          0.159069         -1.388647
10.0000          0.089161         -1.400849
10.0500          0.018814         -1.406161
10.1000         -0.051627         -1.404558
10.1500         -0.121815         -1.396047
10.2000         -0.191404         -1.380670
10.2500         -0.260054         -1.358502
10.3000         -0.327425         -1.329653
10.3500         -0.393186         -1.294265
10.4000         -0.457015         -1.252510
10.4500         -0.518596         -1.204595
10.5000         -0.577628         -1.150755
10.5500         -0.633820         -1.091255
10.6000         -0.686895         -1.026387
10.6500         -0.736593         -0.956471
10.7000         -0.782668         -0.881850
10.7500         -0.824895         -0.802890
10.8000         -0.863066         -0.719982
10.8500         -0.896992         -0.633531
10.9000         -0.926508         -0.543963
10.9500         -0.951467         -0.451719
11.0000         -0.971746         -0.357253
11.0500         -0.987247         -0.261028
11.1000         -0.997893         -0.163518
11.1500         -1.003631         -0.065203
11.2000         -1.004434          0.033434
11.2500         -1.000296          0.131908
11.3000         -0.991239          0.229734
11.3500         -0.977306          0.326432
11.4000         -0.958567          0.421525
11.4500         -0.935114          0.514547
11.5000         -0.907061          0.605039
11.5500         -0.874547          0.692556
11.6000         -0.837731          0.776668
11.6500         -0.796795          0.856962
11.7000         -0.751939          0.933042
11.7500         -0.703385          1.004534
11.8000         -0.651371          1.071087
11.8500         -0.596153          1.132372
11.9000         -0.538002          1.188090
11.9500         -0.477205          1.237965
12.0000         -0.414060          1.281752
12.0500         -0.348877          1.319235
12.1000         -0.281979          1.350231
12.1500         -0.213692          1.374587
12.2000         -0.144354          1.392183
12.2500         -0.074305          1.402932
12.3000         -0.003889          1.406782
12.3500          0.066546          1.403713
12.4000          0.136655          1.393740
12.4500          0.206092          1.376912
12.5000          0.274517          1.353313
12.5500          0.341593          1.323057
12.6000          0.406990          1.286294
12.6500          0.470385          1.243205
12.7000          0.531468          1.194001
12.7500          0.589938          1.138924
12.8000          0.645507          1.078245
12.8500          0.697903          1.012262
12.9000          0.746866          0.941301
12.9500          0.792157          0.865708
13.0000          0.833553          0.785858
13.0500          0.870849          0.702141
13.1000          0.903864          0.614970
13.1500          0.932433          0.524774
13.2000          0.956417          0.431996
13.2500          0.975697          0.337092
13.3000          0.990179          0.240529
13.3500          0.999791          0.142782
13.4000          1.004487          0.044331
13.4500          1.004242         -0.054339
13.5000          0.999058         -0.152742
13.5500          0.988961         -0.250396
13.6000          0.974000         -0.346820
13.6500          0.954248         -0.441538
13.7000          0.929803         -0.534087
13.7500          0.900785         -0.624010
13.8000          0.867337         -0.710865
13.8500          0.829622         -0.794225
13.9000          0.787827         -0.873680
13.9500          0.742157         -0.948839
14.0000          0.692836         -1.019332
14.0500          0.640107         -1.084814
14.1000          0.584229         -1.144960
14.1500          0.525477         -1.199477
14.2000          0.464140         -1.248095
14.2500          0.400520         -1.290575
14.3000          0.334930         -1.326709
14.3500          0.267691         -1.356318
14.4000          0.199135         -1.379257
14.4500          0.129598         -1.395413
14.5000          0.059424         -1.404706
14.5500         -0.011044         -1.407091
14.6000         -0.081458         -1.402556
14.6500         -0.151472         -1.391123
14.7000         -0.220743         -1.372848
14.7500         -0.288928         -1.347821
14.8000         -0.355694         -1.316165
14.8500         -0.420710         -1.278035
14.9000         -0.483659         -1.233620
14.9500         -0.544230         -1.183137
15.0000         -0.602124         -1.126834
15.0500         -0.657059         -1.064989
15.1000         -0.708762         -0.997906
15.1500         -0.756980         -0.925914
15.2000         -0.801476         -0.849367
15.2500         -0.842031         -0.768642
15.3000         -0.878445         -0.684136
15.3500         -0.910539         -0.596264
15.4000         -0.938155         -0.505458
15.4500         -0.961158         -0.412166
15.5000         -0.979434         -0.316845
15.5500         -0.992893         -0.219965
15.6000         -1.001469         -0.122002
15.6500         -1.005120         -0.023438
15.7000         -1.003828          0.075243
15.7500         -0.997599          0.173554
15.8000         -0.986463          0.271014
15.8500         -0.970476          0.367142
15.9000         -0.949716          0.461465
15.9500         -0.924285          0.553520
16.0000         -0.894307          0.642854
16.0500         -0.859931          0.729027
16.1000         -0.821326          0.811616
16.1500         -0.778680          0.890214
16.2000         -0.732204          0.964435
16.2500         -0.682127          1.033914
16.3000         -0.628695          1.098308
16.3500         -0.572169          1.157302
16.4000         -0.512829          1.210605
16.4500         -0.450966          1.257955
16.5000         -0.386885          1.299118
16.5500         -0.320900          1.333893
16.6000         -0.253336          1.362108
16.6500         -0.184525          1.383624
16.7000         -0.114806          1.398336
16.7500         -0.044522          1.406171
16.8000          0.025983          1.407090
16.8500          0.096360          1.401089
16.9000          0.166265          1.388197
16.9500          0.235352          1.368478
17.0000          0.303283          1.342028
17.0500          0.369723          1.308978
17.1000          0.434346          1.269489
17.1500          0.496833          1.223757
17.2000          0.556878          1.172005
17.2500          0.614184          1.114489
17.3000          0.668471          1.051491
17.3500          0.719470          0.983321
17.4000          0.766932          0.910314
17.4500          0.810623          0.832829
17.5000          0.850327          0.751247
17.5500          0.885850          0.665969
17.6000          0.917016          0.577415
17.6500          0.943673          0.486021
17.7000          0.965689          0.392235
17.7500          0.982957          0.296518
17.8000          0.995390          0.199342
17.8500          1.002927          0.101185
17.9000          1.005533          0.002529
17.9500          1.003193         -0.096141
18.0000          0.995919         -0.194339
18.0500          0.983747         -0.291583
18.1000          0.966737         -0.387394
18.1500          0.944972         -0.481300
18.2000          0.918559         -0.572841
18.2500          0.887628         -0.661566
18.3000          0.852332         -0.747038
18.3500          0.812843         -0.828837
18.4000          0.769357         -0.906560
18.4500          0.722085         -0.979827
18.5000          0.671262         -1.048275
18.5500          0.617137         -1.111568
18.6000          0.559977         -1.169395
18.6500          0.500061         -1.221472
18.7000          0.437686         -1.267542
18.7500          0.373157         -1.307379
18.8000          0.306792         -1.340786
18.8500          0.238918         -1.367600
18.9000          0.169867         -1.387688
18.9500          0.099981         -1.400952
19.0000          0.029601         -1.407325
19.0500         -0.040924         -1.406778
19.1000         -0.111249         -1.399311
19.1500         -0.181028         -1.384963
19.2000         -0.249918         -1.363803
19.2500         -0.317579         -1.335936
19.3000         -0.383679         -1.301497
19.3500         -0.447893         -1.260658
19.4000         -0.509905         -1.213618
19.4500         -0.569410         -1.160609
19.5000         -0.626115         -1.101891
19.5500         -0.679742         -1.037753
19.6000         -0.730026         -0.968511
19.6500         -0.776720         -0.894504
19.7000         -0.819595         -0.816098
19.7500         -0.858440         -0.733676
19.8000         -0.893063         -0.647646
19.8500         -0.923295         -0.558429
19.9000         -0.948986         -0.466465
19.9500         -0.970010         -0.372206
20.0000         -0.986264         -0.276114
20.0500         -0.997667         -0.178664
20.1000         -1.004164         -0.080334
20.1500         -1.005723          0.018392
20.2000         -1.002335          0.117030
20.2500         -0.994017          0.215092
20.3000         -0.980811          0.312099
20.3500         -0.962781          0.407571
20.4000         -0.940016          0.501040
20.4500         -0.912627          0.592046
20.5000         -0.880749          0.680141
20.5500         -0.844540          0.764893
20.6000         -0.804177          0.845884
20.6500         -0.759858          0.922715
20.7000         -0.711801          0.995009
20.7500         -0.660243          1.062411
20.8000         -0.605438          1.124589
20.8500         -0.547654          1.181236
20.9000         -0.487176          1.232075
20.9500         -0.424301          1.276855
21.0000         -0.359339          1.315355
21.0500         -0.292609          1.347387
21.1000         -0.224438          1.372793
21.1500         -0.155164          1.391448
21.2000         -0.085125          1.403259
21.2500         -0.014667          1.408170
21.3000          0.055865          1.406155
21.3500          0.126122          1.397224
21.4000          0.195760          1.381421
21.4500          0.264436          1.358824
21.5000          0.331812          1.329545
21.5500          0.397557          1.293726
21.6000          0.461348          1.251543
21.6500          0.522871          1.203205
21.7000          0.581823          1.148950
21.7500          0.637914          1.089042
21.8000          0.690868          1.023778
21.8500          0.740426          0.953478
21.9000          0.786342          0.878488
21.9500          0.828392          0.799177
22.0000          0.866368          0.715934
22.0499          0.900083          0.629169
22.0999          0.929373          0.539309
22.1499          0.954092          0.446795
22.1999          0.974119          0.352083
22.2499          0.989355          0.255638
22.2999          0.999726          0.157935
22.3499          1.005180          0.059453
22.3999          1.005691         -0.039321
22.4499          1.001255         -0.137904
22.4999          0.991895         -0.235810
22.5499          0.977657         -0.332557
22.5999          0.958611         -0.427670
22.6499          0.934849         -0.520680
22.6999          0.906490         -0.611131
22.7499          0.873672         -0.698578
22.7999          0.836557         -0.782589
22.8499          0.795327         -0.862753
22.8999          0.750186         -0.938675
22.9499          0.701354         -1.009982
22.9999          0.649072         -1.076321
23.0499          0.593598         -1.137369
23.0999          0.535203         -1.192823
23.1499          0.474175         -1.242412
23.1999          0.410815         -1.285890
23.2499          0.345434         -1.323046
23.2999          0.278352         -1.353695
23.3499          0.209901         -1.377686
23.3999          0.140417         -1.394902
23.4499          0.070242         -1.405259
23.4999         -0.000280         -1.408704
23.5499         -0.070801         -1.405221
23.5999         -0.140975         -1.394827
23.6499         -0.210457         -1.377572
23.6999         -0.278904         -1.353543
23.7499         -0.345980         -1.322857
23.7999         -0.411356         -1.285664
23.8499         -0.474709         -1.242147
23.8999         -0.535729         -1.192522
23.9499         -0.594114         -1.137030
23.9999         -0.649579         -1.075946
24.0499         -0.701849         -1.009570
24.0999         -0.750668         -0.938227
24.1499         -0.795796         -0.862270
24.1999         -0.837010         -0.782071
24.2499         -0.874109         -0.698024
24.2999         -0.906909         -0.610544
24.3499         -0.935249         -0.520059
24.3999         -0.958990         -0.427016
24.4499         -0.978014         -0.331872
24.4999         -0.992229         -0.235094
24.5499         -1.001565         -0.137159
24.5999         -1.005974         -0.038549
24.6499         -1.005436          0.060253
24.6999         -0.999954          0.158759
24.7499         -0.989553          0.256486
24.7999         -0.974286          0.352953
24.8499         -0.954226          0.447685
24.8999         -0.929474          0.540216
24.9499         -0.900150          0.630092
24.9999         -0.866398          0.716869
25.0499         -0.828385          0.800123
25.0999         -0.786298          0.879442
25.1499         -0.740343          0.954437
25.1999         -0.690746          1.024738
25.2499         -0.637752          1.090001
25.2999         -0.581620          1.149904
25.3499         -0.522627          1.204153
25.3999         -0.461063          1.252479
25.4499         -0.397231          1.294647
25.4999         -0.331445          1.330448
25.5499         -0.264027          1.359706
25.5999         -0.195310          1.382277
25.6499         -0.125632          1.398050
25.6999         -0.055335          1.406948
25.7499          0.015234          1.408926
25.7999          0.085730          1.403976
25.8499          0.155805          1.392120
25.8999          0.225115          1.373417
25.9499          0.293318          1.347960
25.9999          0.360080          1.315873
26.0499          0.425071          1.277314
26.0999          0.487973          1.232472
26.1499          0.548475          1.181569
26.1999          0.606281          1.124853
26.2499          0.661106          1.062605
26.2999          0.712680          0.995130
26.3499          0.760750          0.922761
26.3999          0.805079          0.845852
26.4499          0.845448          0.764782
26.4999          0.881661          0.679950
26.5499          0.913537          0.591773
26.5999          0.940922          0.500684
26.6499          0.963679          0.407132
26.6999          0.981696          0.311576
26.7499          0.994886          0.214487
26.7999          1.003183          0.116342
26.8499          1.006547          0.017624
26.8999          1.004960         -0.081183
26.9499          0.998431         -0.179591
26.9999          0.986991         -0.277117
27.0499          0.970697         -0.373282
27.0999          0.949629         -0.467612
27.1499          0.923890         -0.559643
27.1999          0.893607         -0.648923
27.2499          0.858929         -0.735013
27.2999          0.820026         -0.817489
27.3499          0.777090         -0.895945
27.3999          0.730331         -0.969996
27.4499          0.679980         -1.039277
27.4999          0.626284         -1.103448
27.5499          0.569507         -1.162193
27.5999          0.509929         -1.215222
27.6499          0.447842         -1.262276
27.6999          0.383552         -1.303123
27.7499          0.317375         -1.337560
27.7999          0.249636         -1.365420
27.8499          0.180668         -1.386566
27.8999          0.110812         -1.400892
27.9499          0.040409         -1.408328
27.9999         -0.030194         -1.408839
28.0499         -0.100648         -1.402420
28.0999         -0.170609         -1.389104
28.1499         -0.239731         -1.368957
28.1999         -0.307675         -1.342076
28.2499         -0.374107         -1.308594
28.2999         -0.438700         -1.268677
28.3499         -0.501136         -1.222519
28.3999         -0.561108         -1.170349
28.4499         -0.618321         -1.112422
28.4999         -0.672494         -1.049023
28.5499         -0.723360         -0.980464
28.5998         -0.770669         -0.907082
28.6498         -0.814189         -0.829238
28.6998         -0.853705         -0.747315
28.7498         -0.889022         -0.661716
28.7998         -0.919968         -0.572861
28.8498         -0.946390         -0.481188
28.8998         -0.968157         -0.387147
28.9498         -0.985164         -0.291201
28.9998         -0.997325         -0.193822
29.0498         -1.004582         -0.095488
29.0998         -1.006898          0.003316
29.1498         -1.004262          0.102106
29.1998         -0.996687          0.200394
29.2498         -0.984210          0.297699
29.2998         -0.966892          0.393540
29.3498         -0.944819          0.487447
29.3998         -0.918099          0.578957
29.4498         -0.886864          0.667622
29.4998         -0.851266          0.753004
29.5498         -0.811481          0.834684
29.5998         -0.767705          0.912259
29.6498         -0.720153          0.985349
29.6998         -0.669058          1.053594
29.7498         -0.614672          1.116658
29.7998         -0.557263          1.174231
29.8498         -0.497112          1.226030
29.8998         -0.434515          1.271800
29.9498         -0.369781          1.311315
29.9998         -0.303228          1.344382
30.0498         -0.235182          1.370837
30.0998         -0.165979          1.390550
30.1498         -0.095958          1.403425
30.1998         -0.025465          1.409398
30.2498          0.045154          1.408440
30.2998          0.115552          1.400554
30.3498          0.185383          1.385780
30.3998          0.254302          1.364191
30.4498          0.321972          1.335893
30.4998          0.388059          1.301023
30.5498          0.452239          1.259755
30.5998          0.514195          1.212291
30.6498          0.573623          1.158864
30.6998          0.630230          1.099737
30.7498          0.683739          1.035201
30.7998          0.733886          0.965572
30.8498          0.780424          0.891194
30.8998          0.823124          0.812433
30.9498          0.861777          0.729674
30.9998          0.896191          0.643326
31.0498          0.926199          0.553813
31.0998          0.951652          0.461575
31.1498          0.972425          0.367066
31.1998          0.988415          0.270751
31.2498          0.999545          0.173102
31.2998          1.005759          0.074602
31.3498          1.007026         -0.024267
31.3998          1.003341         -0.123018
31.4498          0.994722         -0.221165
31.4998          0.981210         -0.318225
31.5498          0.962872         -0.413722
31.5998          0.939798         -0.507185
31.6498          0.912103         -0.598154
31.6998          0.879921         -0.686183
31.7498          0.843411         -0.770838
31.7998          0.802752         -0.851704
31.8498          0.758146         -0.928381
31.8998          0.709810         -1.000494
31.9498          0.657982         -1.067687
31.9998          0.602918         -1.129629
32.0498          0.544888         -1.186017
32.0998          0.484177         -1.236573
32.1498          0.421085         -1.281047
32.1998          0.355921         -1.319222
32.2498          0.289005         -1.350909
32.2998          0.220668         -1.375953
32.3498          0.151244         -1.394230
32.3998          0.081075         -1.405650
32.4498          0.010507         -1.410157
32.4998         -0.060113         -1.407729
32.5498         -0.130439         -1.398377
32.5998         -0.200124         -1.382149
32.6498         -0.268826         -1.359122
32.6998         -0.336206         -1.329411
32.7498         -0.401934         -1.293161
32.7998         -0.465686         -1.250551
32.8498         -0.527148         -1.201789
32.8998         -0.586018         -1.147117
32.9498         -0.642007         -1.086803
32.9998         -0.694840         -1.021143
33.0498         -0.744255         -0.950460
33.0998         -0.790011         -0.875101
33.1498         -0.831882         -0.795438
33.1998         -0.869663         -0.711862
33.2498         -0.903166         -0.624784
33.2998         -0.932229         -0.534632
33.3498         -0.956706         -0.441849
33.3998         -0.976479         -0.346893
33.4498         -0.991450         -0.250229
33.4998         -1.001545         -0.152333
33.5498         -1.006714         -0.053687
33.5998         -1.006932          0.045224
33.6498         -1.002198          0.143914
33.6998         -0.992535          0.241898
33.7498         -0.977991          0.338692
33.7998         -0.958636          0.433823
33.8498         -0.934567          0.526821
33.8998         -0.905901          0.617229
33.9498         -0.872779          0.704603
33.9998         -0.835365          0.788512
34.0498         -0.793841          0.868545
34.0998         -0.748413          0.944306
34.1498         -0.699304          1.015425
34.1998         -0.646755          1.081550
34.2498         -0.591024          1.142357
34.2998         -0.532386          1.197547
34.3498         -0.471129          1.246848
34.3998         -0.407554          1.290017
34.4498         -0.341974          1.326842
34.4998         -0.274711          1.357142
34.5498         -0.206097          1.380768
34.5998         -0.136468          1.397603
34.6498         -0.066167          1.407565
34.6998          0.004461          1.410604
34.7498          0.075067          1.406707
34.7998          0.145305          1.395890
34.8498          0.214829          1.378209
34.8998          0.283297          1.353749
34.9498          0.350373          1.322631
34.9998          0.415727          1.285008
35.0498          0.479037          1.241064
35.0998          0.539991          1.191016
35.1497          0.598291          1.135110
35.1997          0.653649          1.073621
35.2497          0.705792          1.006851
35.2997          0.754466          0.935128
35.3497          0.799429          0.858806
35.3997          0.840461          0.778259
35.4497          0.877361          0.693883
35.4997          0.909945          0.606093
35.5497          0.938055          0.515322
35.5997          0.961552          0.422015
35.6497          0.980320          0.326632
35.6997          0.994267          0.229641
35.7497          1.003324          0.131519
35.7997          1.007447          0.032750
35.8497          1.006616         -0.066182
35.8997          1.000833         -0.164790
35.9497          0.990128         -0.262588
35.9997          0.974554         -0.359096
36.0497          0.954187         -0.453839
36.0997          0.929126         -0.546352
36.1497          0.899496         -0.636178
36.1997          0.865441         -0.722877
36.2497          0.827130         -0.806021
36.2997          0.784750         -0.885203
36.3497          0.738510         -0.960032
36.3997          0.688638         -1.030140
36.4497          0.635378         -1.095183
36.4997          0.578993         -1.154840
36.5497          0.519760         -1.208819
36.5997          0.457969         -1.256853
36.6497          0.393926         -1.298706
36.6997          0.327944         -1.334173
36.7497          0.260349         -1.363078
36.7997          0.191473         -1.385280
36.8497          0.121653         -1.400669
36.8997          0.051235         -1.409170
36.9497         -0.019436         -1.410741
36.9997         -0.090012         -1.405373
37.0497         -0.160147         -1.393094
37.0997         -0.229494         -1.373963
37.1497         -0.297714         -1.348074
37.1997         -0.364471         -1.315556
37.2497         -0.429435         -1.276567
37.2997         -0.492289         -1.231299
37.3497         -0.552722         -1.179974
37.3997         -0.610438         -1.122846
37.4497         -0.665152         -1.060195
37.4997         -0.716596         -0.992329
37.5497         -0.764515         -0.919582
37.5997         -0.808676         -0.842312
37.6497         -0.848860         -0.760898
37.6997         -0.884869         -0.675740
37.7497         -0.916527         -0.587259
37.7997         -0.943678         -0.495888
37.8497         -0.966188         -0.402077
37.8997         -0.983947         -0.306287
37.9497         -0.996867         -0.208991
37.9997         -1.004884         -0.110665
38.0497         -1.007959         -0.011793
38.0997         -1.006077          0.087138
38.1497         -0.999247          0.185641
38.1997         -0.987502          0.283232
38.2497         -0.970901          0.379432
38.2997         -0.949524          0.473767
38.3497         -0.923477          0.565773
38.3997         -0.892888          0.654997
38.4497         -0.857908          0.741001
38.4997         -0.818708          0.823362
38.5497         -0.775481          0.901675
38.5997         -0.728439          0.975554
38.6497         -0.677814          1.044636
38.6997         -0.623856          1.108581
38.7497         -0.566828          1.167075
38.7997         -0.507012          1.219829
38.8497         -0.444701          1.266586
38.8997         -0.380203          1.307113
38.9497         -0.313834          1.341213
38.9997         -0.245921          1.368716
39.0497         -0.176798          1.389489
39.0997         -0.106804          1.403428
39.1497         -0.036284          1.410465
39.1997          0.034415          1.410566
39.2497          0.104946          1.403729
39.2997          0.174961          1.389988
39.3497          0.244117          1.369411
39.3997          0.312073          1.342099
39.4497          0.378495          1.308186
39.4997          0.443057          1.267839
39.5497          0.505440          1.221256
39.5997          0.565338          1.168666
39.6497          0.622457          1.110328
39.6997          0.676515          1.046528
39.7497          0.727246          0.977581
39.7997          0.774402          0.903825
39.8497          0.817749          0.825623
39.8997          0.857075          0.743359
39.9497          0.892186          0.657439
39.9997          0.922910          0.568284
40.0497          0.949096          0.476334
40.0997          0.970614          0.382039
40.1497          0.987358          0.285865
40.1997          0.999247          0.188283
40.2497          1.006222          0.089774
40.2997          1.008248         -0.009177
40.3497          1.005315         -0.108085
40.3997          0.997438         -0.206462
40.4497          0.984655         -0.303825
40.4997          0.967030         -0.399695
40.5497          0.944649         -0.493600
40.5997          0.917621         -0.585079
40.6497          0.886080         -0.673681
40.6997          0.850181         -0.758972
40.7497          0.810100         -0.840530
40.7997          0.766035         -0.917956
40.8497          0.718201         -0.990868
40.8997          0.666835         -1.058908
40.9497          0.612189         -1.121741
40.9997          0.554531         -1.179058
41.0497          0.494145         -1.230577
41.0997          0.431328         -1.276044
41.1497          0.366389         -1.315236
41.1997          0.299647         -1.347960
41.2497          0.231431         -1.374055
41.2997          0.162076         -1.393393
41.3497          0.091923         -1.405878
41.3997          0.021317         -1.411449
41.4497         -0.049395         -1.410078
41.4997         -0.119864         -1.401773
41.5497         -0.189745         -1.386573
41.5997         -0.258694         -1.364554
41.6497         -0.326371         -1.335823
41.6996         -0.392444         -1.300523
41.7496         -0.456588         -1.258826
41.7996         -0.518487         -1.210937
41.8496         -0.577836         -1.157092
41.8996         -0.634345         -1.097556
41.9496         -0.687734         -1.032622
41.9996         -0.737742         -0.962608
42.0496         -0.784122         -0.887858
42.0996         -0.826646         -0.808742
42.1496         -0.865105         -0.725647
42.1996         -0.899310         -0.638982
42.2496         -0.929093         -0.549174
42.2996         -0.954306         -0.456663
42.3496         -0.974827         -0.361906
42.3996         -0.990553         -0.265367
42.4496         -1.001408         -0.167522
42.4996         -1.007338         -0.068853
42.5496         -1.008314          0.030157
42.5996         -1.004331          0.129020
42.6496         -0.995408          0.227249
42.6996         -0.981590          0.324362
42.7496         -0.962944          0.419880
42.7996         -0.939562          0.513335
42.8496         -0.911559          0.604267
42.8996         -0.879072          0.692227
42.9496         -0.842262          0.776784
42.9996         -0.801309          0.857522
43.0496         -0.756414          0.934044
43.0996         -0.707799          1.005973
43.1496         -0.655702          1.072955
43.1996         -0.600380          1.134661
43.2496         -0.542104          1.190787
43.2996         -0.481161          1.241058
43.3496         -0.417852          1.285226
43.3996         -0.352486          1.323073
43.4496         -0.285386          1.354414
43.4996         -0.216882          1.379094
43.5496         -0.147311          1.396991
43.5996         -0.077014          1.408019
43.6496         -0.006337          1.412122
43.6996          0.064372          1.409279
43.7496          0.134765          1.399506
43.7996          0.204496          1.382850
43.8496          0.273222          1.359393
43.8996          0.340605          1.329249
43.9496          0.406314          1.292568
43.9996          0.470025          1.249530
44.0496          0.531426          1.200346
44.0996          0.590213          1.145257
44.1496          0.646099          1.084536
44.1996          0.698808          1.018479
44.2496          0.748080          0.947414
44.2996          0.793674          0.871687
44.3496          0.835366          0.791673
44.3996          0.872949          0.707765
44.4496          0.906239          0.620374
44.4996          0.935073          0.529931
44.5496          0.959309          0.436881
44.5996          0.978827          0.341681
44.6496          0.993531          0.244800
44.6996          1.003349          0.146713
44.7496          1.008232          0.047904
44.7996          1.008157         -0.051142
44.8496          1.003124         -0.149938
44.8996          0.993157         -0.247997
44.9496          0.978306         -0.344838
44.9996          0.958643         -0.439984
45.0496          0.934265         -0.532968
45.0996          0.905292         -0.623331
45.1496          0.871866         -0.710630
45.1996          0.834152         -0.794435
45.2496          0.792336         -0.874334
45.2996          0.746621         -0.949934
45.3496          0.697235         -1.020863
45.3996          0.644418         -1.086772
45.4496          0.588432         -1.147337
45.4996          0.529551         -1.202260
45.5496          0.468065         -1.251271
45.5996          0.404276         -1.294129
45.6496          0.338498         -1.330622
45.6996          0.271055         -1.360572
45.7496          0.202277         -1.383830
45.7996          0.132504         -1.400283
45.8496          0.062079         -1.409850
45.8996         -0.008653         -1.412483
45.9496         -0.079343         -1.408169
45.9996         -0.149643         -1.396930
46.0496         -0.219209         -1.378820
46.0996         -0.287697         -1.353929
46.1496         -0.354771         -1.322378
46.1996         -0.420101         -1.284324
46.2496         -0.483366         -1.239953
46.2996         -0.544255         -1.189483
46.3496         -0.602467         -1.133163
46.3996         -0.657717         -1.071269
46.4496         -0.709733         -1.004105
46.4996         -0.758259         -0.932002
46.5496         -0.803057         -0.855315
46.5996         -0.843905         -0.774420
46.6496         -0.880604         -0.689716
46.6996         -0.912972         -0.601619
46.7496         -0.940851         -0.510561
46.7996         -0.964102         -0.416992
46.8496         -0.982613         -0.321371
46.8996         -0.996291         -0.224167
46.9496         -1.005069         -0.125861
46.9996         -1.008904         -0.026934
47.0496         -1.007778          0.072127
47.0996         -1.001695          0.170834
47.1496         -0.990686          0.268702
47.1996         -0.974804          0.365250
47.2496         -0.954128          0.460002
47.2996         -0.928759          0.552494
47.3496         -0.898822          0.642269
47.3996         -0.864464          0.728886
47.4496         -0.825854          0.811920
47.4996         -0.783182          0.890962
47.5496         -0.736658          0.965623
47.5996         -0.686511          1.035536
47.6496         -0.632986          1.100357
47.6996         -0.576348          1.159767
47.7496         -0.516874          1.213473
47.7996         -0.454858          1.261213
47.8496         -0.390604          1.302750
47.8996         -0.324428          1.337881
47.9496         -0.256655          1.366432
47.9996         -0.187620          1.388264
48.0496         -0.117661          1.403268
48.0996         -0.047122          1.411370
48.1496          0.023649          1.412532
48.1996          0.094304          1.406747
48.2495          0.164497          1.394043
48.2995          0.233882          1.374483
48.3495          0.302117          1.348162
48.3995          0.368867          1.315211
48.4495          0.433804          1.275792
48.4995          0.496608          1.230097
48.5495          0.556970          1.178352
48.5995          0.614594          1.120811
48.6495          0.669196          1.057757
48.6995          0.720508          0.989501
48.7495          0.768276          0.916377
48.7995          0.812267          0.838745
48.8495          0.852263          0.756987
48.8995          0.888069          0.671506
48.9495          0.919507          0.582720
48.9995          0.946423          0.491068
49.0495          0.968686          0.397000
49.0995          0.986184          0.300978
49.1495          0.998832          0.203474
49.1995          1.006568          0.104969
49.2495          1.009354          0.005946
49.2995          1.007176         -0.093107
49.3495          1.000044         -0.191703
49.3995          0.987994         -0.289358
49.4495          0.971085         -0.385591
49.4995          0.949399         -0.479929
49.5495          0.923045         -0.571908
49.5995          0.892150         -0.661075
49.6495          0.856867         -0.746991
49.6995          0.817369         -0.829235
49.7495          0.773851         -0.907402
49.7995          0.726527         -0.981107
49.8495          0.675629         -1.049988
49.8995          0.621408         -1.113706
49.9495          0.564129         -1.171947
49.9995          0.504076         -1.224425
50.0495          0.441543         -1.270882
50.0995          0.376837         -1.311089
50.1495          0.310278         -1.344848
50.1995          0.242191         -1.371994
50.2495          0.172913         -1.392393
50.2995          0.102783         -1.405943
50.3495          0.032147         -1.412580
50.3995         -0.038647         -1.412269
50.4495         -0.109253         -1.405013
50.4995         -0.179322         -1.390846
50.5495         -0.248510         -1.369839
50.5995         -0.316477         -1.342095
50.6495         -0.382888         -1.307750
50.6995         -0.447417         -1.266973
50.7495         -0.509746         -1.219964
50.7995         -0.569569         -1.166955
50.8495         -0.626592         -1.108206
50.8995         -0.680533         -1.044005
50.9495         -0.731129         -0.974670
50.9995         -0.778129         -0.900540
51.0495         -0.821303         -0.821981
51.0995         -0.860438         -0.739377
51.1495         -0.895341         -0.653137
51.1995         -0.925842         -0.563683
51.2495         -0.951790         -0.471456
51.2995         -0.973057         -0.376909
51.3495         -0.989539         -0.280508
51.3995         -1.001154         -0.182725
51.4495         -1.007846         -0.084043
51.4995         -1.009581          0.015054
51.5495         -1.006351          0.114078
51.5995         -0.998172          0.212542
51.6495         -0.985083          0.309962
51.6995         -0.967149          0.405859
51.7495         -0.944459          0.499761
51.7995         -0.917123          0.591206
51.8495         -0.885277          0.679745
51.8995         -0.849076          0.764941
51.9495         -0.808699          0.846377
51.9995         -0.764344          0.923651
52.0495         -0.716230          0.996383
52.0995         -0.664593          1.064216
52.1495         -0.609686          1.126816
52.1995         -0.551780          1.183875
52.2495         -0.491160          1.235112
52.2995         -0.428123          1.280275
52.3495         -0.362981          1.319142
52.3995         -0.296052          1.351523
52.4495         -0.227666          1.377256
52.4995         -0.158160          1.396217
52.5495         -0.087875          1.408310
52.5995         -0.017157          1.413478
52.6495          0.053646          1.411695
52.6995          0.124186          1.402968
52.7495          0.194116          1.387341
52.7995          0.263093          1.364891
52.8495          0.330776          1.335728
52.8995          0.396833          1.299996
52.9495          0.460940          1.257869
52.9995          0.522780          1.209556
53.0495          0.582050          1.155294
53.0995          0.638458          1.095348
53.1495          0.691727          1.030016
53.1995          0.741594          0.959616
53.2495          0.787815          0.884496
53.2995          0.830162          0.805026
53.3495          0.868427          0.721595
53.3995          0.902421          0.634614
53.4495          0.931977          0.544511
53.4995          0.956950          0.451729
53.5495          0.977217          0.356725
53.5995          0.992678          0.259964
53.6495          1.003257          0.161924
53.6995          1.008902          0.063087
53.7495          1.009585         -0.036062
53.7995          1.005304         -0.135035
53.8495          0.996077         -0.233345
53.8995          0.981952         -0.330509
53.9495          0.962998         -0.426048
53.9995          0.939307         -0.519493
54.0495          0.910996         -0.610384
54.0995          0.878205         -0.698274
54.1495          0.841094         -0.782732
54.1995          0.799846         -0.863340
54.2495          0.754664         -0.939704
54.2995          0.705769         -1.011447
54.3495          0.653403         -1.078217
54.3995          0.597823         -1.139684
54.4495          0.539302         -1.195548
54.4995          0.478128         -1.245532
54.5495          0.414602         -1.289391
54.5995          0.349036         -1.326909
54.6495          0.281753         -1.357902
54.6995          0.213083         -1.382217
54.7495          0.143364         -1.399734
54.7994          0.072939         -1.410367
54.8494          0.002155         -1.414065
54.8994         -0.068640         -1.410807
54.9494         -0.139099         -1.400612
54.9994         -0.208875         -1.383528
55.0494         -0.277624         -1.359639
55.0994         -0.345009         -1.329063
55.1494         -0.410698         -1.291950
55.1994         -0.474368         -1.248483
55.2494         -0.535705         -1.198875
55.2994         -0.594409         -1.143370
55.3494         -0.650189         -1.082242
55.3994         -0.702773         -1.015790
55.4494         -0.751902         -0.944342
55.4994         -0.797332         -0.868248
55.5494         -0.838843         -0.787883
55.5994         -0.876228         -0.703643
55.6494         -0.909304         -0.615941
55.6994         -0.937908         -0.525208
55.7494         -0.961900         -0.431892
55.7994         -0.981162         -0.336450
55.8494         -0.995598         -0.239352
55.8994         -1.005139         -0.141076
55.9494         -1.009735         -0.042105
55.9994         -1.009366          0.057074
56.0494         -1.004033          0.155974
56.0994         -0.993762          0.254108
56.1494         -0.978603          0.350993
56.1994         -0.958631          0.446154
56.2494         -0.933945          0.539121
56.2994         -0.904665          0.629438
56.3494         -0.870935          0.716660
56.3994         -0.832921          0.800359
56.4494         -0.790811          0.880123
56.4994         -0.744810          0.955559
56.5494         -0.695147          1.026296
56.5994         -0.642063          1.091987
56.6494         -0.585822          1.152308
56.6994         -0.526698          1.206963
56.7494         -0.464984          1.255682
56.7994         -0.400982          1.298227
56.8494         -0.335007          1.334387
56.8994         -0.267383          1.363985
56.9494         -0.198444          1.386875
56.9994         -0.128528          1.402944
57.0494         -0.057979          1.412114
57.0994          0.012856          1.414339
57.1494          0.083628          1.409608
57.1994          0.153990          1.397945
57.2494          0.223596          1.379406
57.2994          0.292103          1.354083
57.3494          0.359174          1.322100
57.3994          0.424479          1.283615
57.4494          0.487698          1.238816
57.4994          0.548519          1.187924
57.5494          0.606643          1.131189
57.5994          0.661784          1.068889
57.6494          0.713671          1.001333
57.6994          0.762048          0.928851
57.7494          0.806679          0.851799
57.7994          0.847343          0.770558
57.8494          0.883839          0.685526
57.8994          0.915990          0.597121
57.9494          0.943636          0.505779
57.9994          0.966641          0.411948
58.0494          0.984893          0.316090
58.0994          0.998301          0.218676
58.1494          1.006799          0.120185
58.1994          1.010346          0.021103
58.2494          1.008924         -0.078085
58.2994          1.002540         -0.176890
58.3494          0.991226         -0.274826
58.3994          0.975036         -0.371412
58.4494          0.954051         -0.466172
58.4994          0.928373         -0.558641
58.5494          0.898130         -0.648363
58.5994          0.863468         -0.734898
58.6494          0.824560         -0.817819
58.6994          0.781596         -0.896720
58.7494          0.734788         -0.971211
58.7994          0.684365         -1.040927
58.8494          0.630576         -1.105524
58.8994          0.573684         -1.164684
58.9494          0.513971         -1.218118
58.9994          0.451729         -1.265561
59.0494          0.387265         -1.306781
59.0994          0.320896         -1.341574
59.1494          0.252947         -1.369770
59.1994          0.183754         -1.391229
59.2494          0.113656         -1.405846
59.2994          0.042998         -1.413550
59.3494         -0.027872         -1.414302
59.3994         -0.098606         -1.408097
59.4494         -0.168855         -1.394968
59.4994         -0.238276         -1.374978
59.5494         -0.306525         -1.348225
59.5994         -0.373267         -1.314842
59.6494         -0.438175         -1.274991
59.6994         -0.500928         -1.228870
59.7494         -0.561219         -1.176704
59.7994         -0.618750         -1.118750
59.8494         -0.673238         -1.055294
59.8994         -0.724416         -0.986646
59.9494         -0.772033         -0.913146
59.9994         -0.815852         -0.835153
60.0494         -0.855660         -0.753053
60.0994         -0.891260         -0.667247
60.1494         -0.922478         -0.578160
60.1994         -0.949158         -0.486227
60.2494         -0.971171         -0.391902
60.2994         -0.988408         -0.295649
60.3494         -1.000785         -0.197940
60.3994         -1.008239         -0.099257
60.4494         -1.010735         -0.000084
60.4994         -1.008259          0.099090
60.5494         -1.000826          0.197778
60.5994         -0.988469          0.295495
60.6494         -0.971252          0.391759
60.6994         -0.949257          0.486098
60.7494         -0.922594          0.578048
60.7994         -0.891393          0.667156
60.8494         -0.855807          0.752983
60.8994         -0.816012          0.835109
60.9494         -0.772204          0.913128
60.9994         -0.724597          0.986657
61.0494         -0.673426          1.055335
61.0994         -0.618942          1.118823
61.1494         -0.561414          1.176810
61.1994         -0.501124          1.229010
61.2494         -0.438368          1.275166
61.2994         -0.373456          1.315051
61.3493         -0.306706          1.348469
61.3993         -0.238447          1.375255
61.4493         -0.169015          1.395278
61.4993         -0.098750          1.408439
61.5493         -0.027999          1.414674
61.5993          0.042890          1.413951
61.6493          0.113570          1.406274
61.6993          0.183691          1.391681
61.7493          0.252911          1.370243
61.7993          0.320887          1.342066
61.8493          0.387286          1.307289
61.8993          0.451781          1.266081
61.9493          0.514055          1.218646
61.9993          0.573801          1.165218
62.0493          0.630726          1.106057
62.0993          0.684550          1.041457
62.1493          0.735008          0.971734
62.1993          0.781852          0.897231
62.2493          0.824850          0.818314
62.2993          0.863793          0.735371
62.3493          0.898488          0.648811
62.3993          0.928765          0.559060
62.4493          0.954474          0.466557
62.4993          0.975489          0.371759
62.5493          0.991707          0.275131
62.5993          1.003048          0.177149
62.6493          1.009456          0.078295
62.6993          1.010899         -0.020946
62.7493          1.007371         -0.120085
62.7993          0.998888         -0.218634
62.8493          0.985493         -0.316110
62.8993          0.967251         -0.412032
62.9493          0.944251         -0.505928
62.9993          0.916607         -0.597338
63.0493          0.884455         -0.685811
63.0993          0.847953         -0.770912
63.1493          0.807279         -0.852223
63.1993          0.762636         -0.929343
63.2493          0.714240         -1.001894
63.2993          0.662332         -1.069518
63.3493          0.607165         -1.131883
63.3993          0.549012         -1.188682
63.4493          0.488158         -1.239636
63.4993          0.424902         -1.284494
63.5493          0.359556         -1.323035
63.5993          0.292441         -1.355069
63.6493          0.223887         -1.380440
63.6993          0.154231         -1.399021
63.7493          0.083815         -1.410723
63.7993          0.012986         -1.415486
63.8493         -0.057907         -1.413288
63.8993         -0.128517         -1.404140
63.9493         -0.198495         -1.388085
63.9993         -0.267498         -1.365204
64.0493         -0.335186         -1.335608
64.0993         -0.401226         -1.299443
64.1493         -0.465294         -1.256887
64.1993         -0.527075         -1.208148
64.2493         -0.586264         -1.153468
64.2993         -0.642570         -1.093114
64.3493         -0.695717         -1.027383
64.3993         -0.745443         -0.956598
64.4493         -0.791503         -0.881108
64.4993         -0.833671         -0.801284
64.5493         -0.871740         -0.717518
64.5993         -0.905522         -0.630222
64.6493         -0.934850         -0.539826
64.6993         -0.959582         -0.446773
64.7494         -0.979594         -0.351522
64.7994         -0.994789         -0.254542
64.8494         -1.005092         -0.156308
64.8994         -1.010451         -0.057304
64.9494         -1.010841          0.041983
64.9994         -1.006260          0.141065
65.0494         -0.996730          0.239454
65.0994         -0.982297          0.336666
65.1494         -0.963034          0.432224
65.1994         -0.939034          0.525657
65.2494         -0.910415          0.616507
65.2994         -0.877318          0.704325
65.3494         -0.839907          0.788680
65.3994         -0.798364          0.869158
65.4494         -0.752894          0.945362
65.4994         -0.703721          1.016918
65.5494         -0.651086          1.083473
65.5994         -0.595248          1.144700
65.6494         -0.536483          1.200298
65.6994         -0.475078          1.249994
65.7494         -0.411336          1.293543
65.7994         -0.345570          1.330731
65.8494         -0.278104          1.361374
65.8994         -0.209269          1.385322
65.9494         -0.139404          1.402458
65.9994         -0.068853          1.412696
66.0494          0.002038          1.415986
66.0994          0.072920          1.412313
66.1494          0.143443          1.401694
66.1994          0.213263          1.384180
66.2494          0.282034          1.359860
66.2994          0.349419          1.328851
66.3494          0.415086          1.291306
66.3995          0.478713          1.247410
66.4495          0.539986          1.197378
66.4995          0.598604          1.141457
66.5495          0.654279          1.079922
66.5995          0.706737          1.013074
66.6495          0.755719          0.941244
66.6995          0.800985          0.864783
66.7495          0.842313          0.784068
66.7995          0.879499          0.699497
66.8495          0.912359          0.611484
66.8995          0.940733          0.520462
66.9495          0.964481          0.426880
66.9995          0.983485          0.331197
67.0495          0.997653          0.233885
67.0995          1.006914          0.135420
67.1495          1.011224          0.036289
67.1995          1.010560         -0.063022
67.2495          1.004926         -0.162024
67.2995          0.994350         -0.260231
67.3495          0.978883         -0.357159
67.3995          0.958602         -0.452332
67.4495          0.933606         -0.545281
67.4995          0.904018         -0.635549
67.5495          0.869984         -0.722693
67.5995          0.831671         -0.806284
67.6495          0.789267         -0.885911
67.6995          0.742980         -0.961181
67.7495          0.693040         -1.031725
67.7995          0.639690         -1.097196
67.8495          0.583193         -1.157271
67.8995          0.523828         -1.211656
67.9495          0.461885         -1.260082
67.9995          0.397671         -1.302312
68.0496          0.331499         -1.338137
68.0996          0.263697         -1.367381
68.1496          0.194597         -1.389901
68.1996          0.124539         -1.405586
68.2496          0.053867         -1.414358
68.2996         -0.017070         -1.416174
68.3496         -0.087924         -1.411025
68.3996         -0.158347         -1.398937
68.4496         -0.227991         -1.379968
68.4996         -0.296515         -1.354212
68.5496         -0.363582         -1.321796
68.5996         -0.428862         -1.282879
68.6496         -0.492033         -1.237651
68.6996         -0.552784         -1.186337
68.7496         -0.610818         -1.129187
68.7996         -0.665849         -1.066483
68.8496         -0.717606         -0.998534
68.8996         -0.765834         -0.925672
68.9496         -0.810296         -0.848257
68.9996         -0.850773         -0.766670
69.0496         -0.887067         -0.681310
69.0996         -0.918999         -0.592600
69.1496         -0.946411         -0.500973
69.1996         -0.969169         -0.406882
69.2496         -0.987161         -0.310788
69.2996         -1.000298         -0.213165
69.3496         -1.008515         -0.114492
69.3996         -1.011773         -0.015255
69.4496         -1.010055          0.084059
69.4996         -1.003369          0.182960
69.5496         -0.991749          0.280963
69.5996         -0.975250          0.377585
69.6497         -0.953956          0.472351
69.6997         -0.927969          0.564795
69.7497         -0.897418          0.654462
69.7997         -0.862453          0.740912
69.8497         -0.823246          0.823720
69.8997         -0.779990          0.902477
69.9497         -0.732898          0.976796
69.9997         -0.682200          1.046312
70.0497         -0.628146          1.110684
70.0997         -0.571003          1.169593
70.1497         -0.511050          1.222752
70.1997         -0.448584          1.269897
70.2497         -0.383910          1.310797
70.2997         -0.317348          1.345252
70.3497         -0.249224          1.373090
70.3997         -0.179873          1.394176
70.4497         -0.109638          1.408405
70.4997         -0.038862          1.415708
70.5497          0.032106          1.416049
70.5997          0.102917          1.409425
70.6497          0.173223          1.395869
70.6997          0.242678          1.375448
70.7497          0.310940          1.348263
70.7997          0.377673          1.314446
70.8497          0.442550          1.274164
70.8997          0.505251          1.227615
70.9497          0.565468          1.175028
70.9997          0.622905          1.116662
71.0497          0.677279          1.052803
71.0997          0.728322          0.983765
71.1497          0.775785          0.909888
71.1997          0.819432          0.831536
71.2497          0.859050          0.749093
71.2998          0.894444          0.662964
71.3498          0.925439          0.573575
71.3998          0.951883          0.481363
71.4498          0.973646          0.386783
71.4998          0.990620          0.290299
71.5498          1.002723          0.192386
71.5998          1.009895          0.093527
71.6498          1.012099         -0.005794
71.6998          1.009327         -0.105088
71.7498          1.001590         -0.203866
71.7998          0.988927         -0.301643
71.8498          0.971400         -0.397937
71.8998          0.949096         -0.492276
71.9498          0.922124         -0.584194
71.9998          0.890616         -0.673241
72.0498          0.854728         -0.758977
72.0998          0.814636         -0.840982
72.1498          0.770537         -0.918852
72.1998          0.722647         -0.992204
72.2498          0.671203         -1.060677
72.2998          0.616458         -1.123934
72.3498          0.558679         -1.181664
72.3998          0.498153         -1.233584
72.4498          0.435176         -1.279437
72.4998          0.370058         -1.318998
72.5498          0.303119         -1.352073
72.5998          0.234688         -1.378499
72.6498          0.165103         -1.398145
72.6998          0.094704         -1.410915
72.7498          0.023839         -1.416747
72.7998         -0.047144         -1.415611
72.8498         -0.117896         -1.407513
72.8998         -0.188069         -1.392492
72.9499         -0.257318         -1.370623
72.9999         -0.325303         -1.342012
73.0499         -0.391688         -1.306801
73.0999         -0.456148         -1.265163
73.1499         -0.518365         -1.217302
73.1999         -0.578034         -1.163454
73.2499         -0.634860         -1.103883
73.2999         -0.688565         -1.038882
73.3499         -0.738884         -0.968771
73.3999         -0.785570         -0.893895
73.4499         -0.828393         -0.814621
73.4999         -0.867142         -0.731340
73.5499         -0.901627         -0.644462
73.5999         -0.931678         -0.554413
73.6499         -0.957147         -0.461636
73.6999         -0.977910         -0.366587
73.7499         -0.993863         -0.269735
73.7999         -1.004928         -0.171554
73.8499         -1.011052         -0.072529
73.8999         -1.012202          0.026854
73.9499         -1.008375          0.126106
73.9999         -0.999589          0.224739
74.0499         -0.985886          0.322268
74.0999         -0.967334          0.418214
74.1499         -0.944025          0.512103
74.1999         -0.916072          0.603476
74.2499         -0.883614          0.691881
74.2999         -0.846810          0.776885
74.3499         -0.805841          0.858069
74.3999         -0.760908          0.935034
74.4499         -0.712232          1.007401
74.4999         -0.660053          1.074815
74.5499         -0.604627          1.136943
74.6000         -0.546226          1.193480
74.6500         -0.485139          1.244149
74.7000         -0.421665          1.288699
74.7500         -0.356116          1.326912
74.8000         -0.288815          1.358600
74.8500         -0.220093          1.383606
74.9000         -0.150287          1.401808
74.9500         -0.079742          1.413115
75.0000         -0.008803          1.417473
75.0500          0.062179          1.414860
75.1000          0.132857          1.405288
75.1500          0.202882          1.388805
75.2000          0.271910          1.365492
75.2500          0.339602          1.335462
75.3000          0.405624          1.298864
75.3500          0.469653          1.255878
75.4000          0.531372          1.206715
75.4500          0.590478          1.151616
75.5000          0.646682          1.090853
75.5500          0.699705          1.024724
75.6000          0.749288          0.953555
75.6500          0.795187          0.877695
75.7000          0.837175          0.797518
75.7500          0.875047          0.713417
75.8000          0.908615          0.625807
75.8500          0.937715          0.535118
75.9000          0.962204          0.441796
75.9500          0.981960          0.346300
76.0000          0.996888          0.249100
76.0500          1.006913          0.150673
76.1000          1.011986          0.051505
76.1500          1.012082         -0.047919
76.2001          1.007200         -0.147107
76.2501          0.997365         -0.245574
76.3001          0.982625         -0.342834
76.3501          0.963052         -0.438409
76.4001          0.938742         -0.531829
76.4501          0.909815         -0.622634
76.5001          0.876413         -0.710379
76.5501          0.838701         -0.794630
76.6001          0.796863         -0.874975
76.6501          0.751106         -0.951018
76.7001          0.701654         -1.022384
76.7501          0.648750         -1.088723
76.8001          0.592656         -1.149708
76.8501          0.533646         -1.205040
76.9001          0.472010         -1.254445
76.9501          0.408053         -1.297682
77.0001          0.342088         -1.334538
77.0501          0.274440         -1.364830
77.1001          0.205441         -1.388410
77.1501          0.135431         -1.405162
77.2001          0.064754         -1.415004
77.2501         -0.006242         -1.417887
77.3001         -0.077209         -1.413796
77.3501         -0.147796         -1.402752
77.4001         -0.217658         -1.384810
77.4501         -0.286450         -1.360056
77.5001         -0.353834         -1.328613
77.5501         -0.419478         -1.290636
77.6001         -0.483061         -1.246310
77.6501         -0.544268         -1.195855
77.7001         -0.602799         -1.139517
77.7501         -0.658367         -1.077575
77.8001         -0.710697         -1.010332
77.8502         -0.759533         -0.938120
77.9002         -0.804633         -0.861293
77.9502         -0.845777         -0.780229
78.0002         -0.882762         -0.695326
78.0502         -0.915406         -0.607003
78.1002         -0.943548         -0.515694
78.1502         -0.967050         -0.421847
78.2002         -0.985796         -0.325925
78.2502         -0.999694         -0.228398
78.3002         -1.008676         -0.129747
78.3502         -1.012697         -0.030457
78.4002         -1.011738          0.068984
78.4502         -1.005802          0.168088
78.5002         -0.994920          0.266365
78.5502         -0.979145          0.363334
78.6002         -0.958554          0.458518
78.6502         -0.933249          0.551447
78.7002         -0.903353          0.641665
78.7502         -0.869015          0.728729
78.8002         -0.830401          0.812210
78.8502         -0.787704          0.891697
78.9002         -0.741132          0.966800
78.9502         -0.690914          1.037149
79.0002         -0.637298          1.102398
79.0502         -0.580547          1.162226
79.1002         -0.520940          1.216339
79.1502         -0.458770          1.264470
79.2002         -0.394343          1.306383
79.2502         -0.327976          1.341872
79.3002         -0.259996          1.370762
79.3502         -0.190735          1.392910
79.4002         -0.120536          1.408208
79.4502         -0.049743          1.416581
79.5003          0.021295          1.417987
79.5503          0.092230          1.412419
79.6003          0.162712          1.399905
79.6503          0.232394          1.380506
79.7003          0.300934          1.354317
79.7503          0.367995          1.321467
79.8003          0.433247          1.282117
79.8503          0.496370          1.236461
79.9003          0.557051          1.184724
79.9503          0.614994          1.127160
80.0003          0.669913          1.064051
80.0503          0.721538          0.995709
80.1003          0.769615          0.922469
80.1503          0.813907          0.844691
80.2003          0.854197          0.762757
80.2503          0.890287          0.677072
80.3003          0.921998          0.588055
80.3503          0.949175          0.496146
80.4003          0.971685          0.401795
80.4503          0.989416          0.305467
80.5003          1.002281          0.207635
80.5503          1.010217          0.108781
80.6003          1.013185          0.009391
80.6503          1.011169         -0.090046
80.7003          1.004181         -0.189042
80.7503          0.992254         -0.287109
80.8003          0.975447         -0.383766
80.8503          0.953842         -0.478536
80.9003          0.927546         -0.570954
80.9503          0.896688         -0.660565
81.0003          0.861419         -0.746928
81.0503          0.821914         -0.829619
81.1003          0.778366         -0.908231
81.1504          0.730989         -0.982377
81.2004          0.680016         -1.051693
81.2504          0.625699         -1.115837
81.3004          0.568303         -1.174494
81.3504          0.508112         -1.227375
81.4004          0.445422         -1.274221
81.4504          0.380539         -1.314800
81.5004          0.313785         -1.348914
81.5504          0.245486         -1.376394
81.6004          0.175980         -1.397105
81.6504          0.105607         -1.410945
81.7004          0.034713         -1.417846
81.7504         -0.036351         -1.417774
81.8004         -0.107238         -1.410730
81.8504         -0.177599         -1.396747
81.9004         -0.247086         -1.375895
81.9504         -0.315360         -1.348275
82.0004         -0.382083         -1.314025
82.0504         -0.446928         -1.273311
82.1004         -0.509576         -1.226335
82.1504         -0.569718         -1.173326
82.2004         -0.627059         -1.114547
82.2504         -0.681317         -1.050286
82.3004         -0.732225         -0.980858
82.3504         -0.779532         -0.906605
82.4004         -0.823006         -0.827893
82.4504         -0.862433         -0.745108
82.5004         -0.897619         -0.658658
82.5504         -0.928390         -0.568967
82.6004         -0.954596         -0.476477
82.6504         -0.976108         -0.381643
82.7004         -0.992819         -0.284930
82.7505         -1.004648         -0.186815
82.8005         -1.011536         -0.087780
82.8505         -1.013449          0.011688
82.9005         -1.010378          0.111100
82.9505         -1.002338          0.209967
83.0005         -0.989368          0.307802
83.0505         -0.971532          0.404124
83.1005         -0.948917          0.498460
83.1505         -0.921636          0.590346
83.2005         -0.889821          0.679330
83.2505         -0.853630          0.764973
83.3005         -0.813241          0.846856
83.3505         -0.768851          0.924574
83.4005         -0.720679          0.997746
83.4505         -0.668962          1.066013
83.5005         -0.613955          1.129037
83.5505         -0.555928          1.186509
83.6005         -0.495165          1.238147
83.6505         -0.431967          1.283695
83.7005         -0.366644          1.322932
83.7505         -0.299516          1.355662
83.8005         -0.230915          1.381725
83.8505         -0.161177          1.400993
83.9005         -0.090646          1.413371
83.9505         -0.019668          1.418799
84.0005          0.051408          1.417248
84.0505          0.122232          1.408728
84.1005          0.192455          1.393278
84.1505          0.261733          1.370977
84.2005          0.329724          1.341933
84.2505          0.396095          1.306288
84.3005          0.460518          1.264219
84.3505          0.522677          1.215931
84.4006          0.582266          1.161663
84.4506          0.638993          1.101681
84.5006          0.692577          1.036280
84.5506          0.742756          0.965782
84.6006          0.789283          0.890533
84.6506          0.831928          0.810903
84.7006          0.870483          0.727285
84.7506          0.904757          0.640088
84.8006          0.934581          0.549743
84.8506          0.959810          0.456692
84.9006          0.980318          0.361395
84.9506          0.996005          0.264319
85.0006          1.006794          0.165942
85.0506          1.012632          0.066747
85.1006          1.013490         -0.032777
85.1506          1.009363         -0.132141
85.2006          1.000272         -0.230856
85.2506          0.986261         -0.328437
85.3006          0.967399         -0.424404
85.3506          0.943780         -0.518285
85.4006          0.915519         -0.609618
85.4506          0.882755         -0.697954
85.5006          0.845648         -0.782859
85.5506          0.804383         -0.863914
85.6006          0.759161         -0.940722
85.6506          0.710204         -1.012904
85.7006          0.657755         -1.080105
85.7506          0.602069         -1.141995
85.8006          0.543423         -1.198269
85.8506          0.482102         -1.248651
85.9006          0.418410         -1.292892
85.9506          0.352660         -1.330775
86.0006          0.285174         -1.362114
86.0507          0.216285         -1.386754
86.1007          0.146331         -1.404575
86.1507          0.075657         -1.415487
86.2007          0.004609         -1.419438
86.2507         -0.066461         -1.416409
86.3007         -0.137206         -1.406413
86.3507         -0.207277         -1.389500
86.4007         -0.276329         -1.365754
86.4507         -0.344023         -1.335290
86.5007         -0.410026         -1.298259
86.5507         -0.474013         -1.254842
86.6007         -0.535670         -1.205253
86.6507         -0.594693         -1.149737
86.7007         -0.650792         -1.088565
86.7507         -0.703691         -1.022038
86.8007         -0.753129         -0.950484
86.8507         -0.798865         -0.874255
86.9007         -0.840672         -0.793725
86.9507         -0.878345         -0.709291
87.0007         -0.911699         -0.621367
87.0507         -0.940569         -0.530387
87.1007         -0.964814         -0.436796
87.1507         -0.984314         -0.341056
87.2007         -0.998973         -0.243638
87.2507         -1.008719         -0.145021
87.3007         -1.013505         -0.045688
87.3507         -1.013306          0.053870
87.4007         -1.008124          0.153164
87.4507         -0.997983          0.251706
87.5007         -0.982934          0.349011
87.5507         -0.963051          0.444602
87.6007         -0.938431          0.538006
87.6507         -0.909196          0.628766
87.7008         -0.875489          0.716435
87.7508         -0.837475          0.800581
87.8008         -0.795342          0.880791
87.8508         -0.749298          0.956670
87.9008         -0.699567          1.027845
87.9508         -0.646396          1.093966
88.0008         -0.590044          1.154707
88.0508         -0.530790          1.209770
88.1008         -0.468925          1.258884
88.1508         -0.404753          1.301808
88.2008         -0.338590          1.338329
88.2508         -0.270760          1.368269
88.3008         -0.201598          1.391480
88.3508         -0.131444          1.407847
88.4008         -0.060642          1.417291
88.4508          0.010458          1.419765
88.5008          0.081508          1.415256
88.5508          0.152158          1.403787
88.6008          0.222061          1.385414
88.6508          0.290872          1.360226
88.7008          0.358254          1.328349
88.7508          0.423874          1.289938
88.8008          0.487411          1.245183
88.8508          0.548551          1.194304
88.9008          0.606995          1.137550
88.9508          0.662453          1.075201
89.0008          0.714655          1.007563
89.0508          0.763342          0.934969
89.1008          0.808275          0.857776
89.1508          0.849234          0.776363
89.2008          0.886017          0.691131
89.2508          0.918443          0.602499
89.3008          0.946352          0.510903
89.3509          0.969607          0.416793
89.4009          0.988094          0.320632
89.4509          1.001722          0.222893
89.5009          1.010423          0.124056
89.5509          1.014155          0.024608
89.6009          1.012899         -0.074962
89.6509          1.006662         -0.174164
89.7009          0.995473         -0.272512
89.7509          0.979389         -0.369520
89.8009          0.958488         -0.464712
89.8509          0.932872         -0.557619
89.9009          0.902669         -0.647786
89.9509          0.868025         -0.734767
90.0009          0.829112         -0.818136
90.0509          0.786121         -0.897482
90.1009          0.739264         -0.972416
90.1509          0.688769         -1.042568
90.2009          0.634887         -1.107593
90.2509          0.577882         -1.167172
90.3009          0.518034         -1.221011
90.3509          0.455637         -1.268846
90.4009          0.390999         -1.310441
90.4509          0.324437         -1.345591
90.5009          0.256279         -1.374125
90.5509          0.186859         -1.395900
90.6009          0.116520         -1.410811
90.6509          0.045607         -1.418783
90.7009         -0.025532         -1.419778
90.7509         -0.096545         -1.413790
90.8009         -0.167085         -1.400849
90.8509         -0.236804         -1.381018
90.9009         -0.305359         -1.354395
90.9510         -0.372414         -1.321111
91.0010         -0.437637         -1.281328
91.0510         -0.500709         -1.235244
91.1010         -0.561319         -1.183084
91.1510         -0.619169         -1.125105
91.2010         -0.673975         -1.061592
91.2510         -0.725467         -0.992857
91.3010         -0.773391         -0.919238
91.3510         -0.817513         -0.841097
91.4010         -0.857614         -0.758819
91.4510         -0.893498         -0.672808
91.5010         -0.924988         -0.583487
91.5510         -0.951929         -0.491295
91.6010         -0.974189         -0.396686
91.6510         -0.991658         -0.300124
91.7010         -1.004250         -0.202086
91.7510         -1.011904         -0.103052
91.8010         -1.014580         -0.003511
91.8510         -1.012267          0.096049
91.9010         -1.004976          0.195138
91.9510         -0.992742          0.293268
92.0010         -0.975625          0.389958
92.0510         -0.953710          0.484730
92.1010         -0.927104          0.577120
92.1510         -0.895939          0.666672
92.2010         -0.860366          0.752947
92.2510         -0.820562          0.835520
92.3010         -0.776722          0.913985
92.3510         -0.729061          0.987955
92.4010         -0.677814          1.057068
92.4510         -0.623232          1.120983
92.5010         -0.565585          1.179385
92.5510         -0.505156          1.231987
92.6011         -0.442242          1.278532
92.6511         -0.377152          1.318789
92.7011         -0.310206          1.352560
92.7511         -0.241733          1.379680
92.8011         -0.172071          1.400015
92.8511         -0.101562          1.413464
92.9011         -0.030553          1.419962
92.9511          0.040608          1.419477
93.0011          0.111569          1.412010
93.0511          0.181983          1.397599
93.1011          0.251503          1.376315
93.1511          0.319787          1.348261
93.2011          0.386498          1.313576
93.2511          0.451310          1.272430
93.3011          0.513903          1.225026
93.3511          0.573969          1.171597
93.4011          0.631213          1.112404
93.4511          0.685354          1.047741
93.5011          0.736124          0.977923
93.5511          0.783275          0.903295
93.6011          0.826574          0.824224
93.6511          0.865808          0.741098
93.7011          0.900785          0.654326
93.7511          0.931332          0.564336
93.8011          0.957299          0.471568
93.8511          0.978558          0.376481
93.9011          0.995005          0.279540
93.9511          1.006559          0.181224
94.0011          1.013162          0.082015
94.0511          1.014782         -0.017599
94.1011          1.011412         -0.117127
94.1511          1.003067         -0.216080
94.2011          0.989790         -0.313972
94.2512          0.971644         -0.410320
94.3012          0.948719         -0.504652
94.3512          0.921128         -0.596503
94.4012          0.889007         -0.685422
94.4512          0.852513         -0.770971
94.5012          0.811825         -0.852729
94.5512          0.767145         -0.930294
94.6012          0.718691         -1.003285
94.6512          0.666702         -1.071342
94.7012          0.611434         -1.134132
94.7512          0.553157         -1.191344
94.8012          0.492160         -1.242698
94.8512          0.428741         -1.287941
94.9012          0.363213         -1.326850
94.9512          0.295898         -1.359234
95.0012          0.227126         -1.384933
95.0512          0.157237         -1.403822
95.1012          0.086574         -1.415807
95.1512          0.015484         -1.420828
95.2012         -0.055683         -1.418862
95.2512         -0.126577         -1.409918
95.3012         -0.196849         -1.394040
95.3512         -0.266154         -1.371305
95.4012         -0.334151         -1.341826
95.4512         -0.400506         -1.305748
95.5012         -0.464891         -1.263247
95.5512         -0.526991         -1.214533
95.6012         -0.586500         -1.159845
95.6512         -0.643125         -1.099452
95.7012         -0.696587         -1.033651
95.7512         -0.746625         -0.962766
95.8012         -0.792991         -0.887145
95.8512         -0.835458         -0.807160
95.9013         -0.873816         -0.723204
95.9513         -0.907877         -0.635690
96.0013         -0.937474         -0.545049
96.0513         -0.962460         -0.451727
96.1013         -0.982714         -0.356181
96.1513         -0.998134         -0.258883
96.2013         -1.008646         -0.160310
96.2513         -1.014197         -0.060948
96.3013         -1.014760          0.038715
96.3513         -1.010333          0.138190
96.4013         -1.000937          0.236985
96.4513         -0.986618          0.334617
96.5013         -0.967446          0.430604
96.5513         -0.943516          0.524474
96.6013         -0.914946          0.615766
96.6513         -0.881875          0.704031
96.7013         -0.844467          0.788834
96.7513         -0.802905          0.869759
96.8013         -0.757394          0.946407
96.8513         -0.708157          1.018401
96.9013         -0.655438          1.085388
96.9513         -0.599493          1.147038
97.0013         -0.540600          1.203047
97.0513         -0.479048          1.253140
97.1013         -0.415138          1.297071
97.1513         -0.349187          1.334623
97.2013         -0.281517          1.365611
97.2513         -0.212461          1.389884
97.3013         -0.142360          1.407321
97.3513         -0.071558          1.417838
97.4013         -0.000404          1.421381
97.4513          0.070754          1.417934
97.5014          0.141565          1.407513
97.5514          0.211680          1.390170
97.6014          0.280755          1.365990
97.6514          0.348450          1.335091
97.7014          0.414432          1.297626
97.7514          0.478377          1.253779
97.8014          0.539969          1.203765
97.8514          0.598907          1.147830
97.9014          0.654900          1.086249
97.9514          0.707673          1.019325
98.0014          0.756966          0.947387
98.0514          0.802537          0.870789
98.1014          0.844162          0.789907
98.1514          0.881635          0.705140
98.2014          0.914773          0.616904
98.2514          0.943412          0.525632
98.3014          0.967412          0.431774
98.3514          0.986654          0.335792
98.4014          1.001044          0.238157
98.4514          1.010511          0.139349
98.5014          1.015009          0.039856
98.5514          1.014514         -0.059836
98.6014          1.009030         -0.159234
98.6514          0.998583         -0.257850
98.7014          0.983225         -0.355199
98.7514          0.963032         -0.450803
98.8014          0.938101         -0.544190
98.8514          0.908557         -0.634903
98.9014          0.874544         -0.722494
98.9514          0.836230         -0.806532
99.0014          0.793802         -0.886606
99.0514          0.747470         -0.962319
99.1014          0.697461         -1.033301
99.1515          0.644022         -1.099202
99.2015          0.587414         -1.159697
99.2515          0.527917         -1.214490
99.3015          0.465822         -1.263311
99.3515          0.401436         -1.305919
99.4015          0.335075         -1.342105
99.4515          0.267065         -1.371690
99.5015          0.197741         -1.394530
99.5515          0.127444         -1.410512
99.6015          0.056518         -1.419557
99.6515         -0.014685         -1.421620
99.7015         -0.085818         -1.416692
99.7515         -0.156530         -1.404796
99.8015         -0.226472         -1.385992
99.8515         -0.295301         -1.360370
99.9015         -0.362679         -1.328058
99.9515         -0.428275         -1.289214
*******         -0.491764         -1.244029
